1			-4.9085E+04
5			-4.9574E+04
10			-5.0711E+04
15			-5.2849E+04
20			-5.6511E+04
25			-6.1038E+04
30			-6.2690E+04
35			-6.5820E+04
40			-6.6753E+04
45			-6.6957E+04
50			-6.7813E+04
55			-6.8217E+04
60			-6.8589E+04
65			-6.8849E+04
70			-6.9128E+04
75			-6.9370E+04
80			-6.9682E+04
85			-6.9789E+04
90			-6.9980E+04
95			-7.0285E+04
100			-7.0434E+04
105			-7.0604E+04
110			-7.0756E+04
115			-7.0908E+04
120			-7.1049E+04
125			-7.1151E+04
130			-7.1275E+04
135			-7.1385E+04
140			-7.1488E+04
145			-7.1598E+04
150			-7.1738E+04
155			-7.1783E+04
160			-7.1876E+04
165			-7.2026E+04
170			-7.2103E+04
175			-7.2191E+04
180			-7.2278E+04
185			-7.2359E+04
190			-7.2440E+04
195			-7.2520E+04
200			-7.2596E+04
205			-7.2633E+04
210			-7.3584E+04
215			-7.4101E+04
220			-7.4523E+04
225			-7.4755E+04
230			-7.4759E+04
235			-7.4956E+04
240			-7.5048E+04
245			-7.5246E+04
250			-7.5369E+04
255			-7.5374E+04
260			-7.5467E+04
265			-7.5527E+04
270			-7.5669E+04
275			-7.5767E+04
280			-7.5770E+04
285			-7.5861E+04
290			-7.5920E+04
295			-7.6009E+04
300			-7.6068E+04
305			-7.6072E+04
310			-7.6135E+04
315			-7.6171E+04
320			-7.6269E+04
325			-7.6334E+04
330			-7.6337E+04
335			-7.6415E+04
340			-7.6461E+04
345			-7.6517E+04
350			-7.6558E+04
355			-7.6562E+04
360			-7.6605E+04
365			-7.6635E+04
370			-7.6717E+04
375			-7.6774E+04
380			-7.6777E+04
385			-7.6850E+04
390			-7.6894E+04
395			-7.6934E+04
400			-7.6969E+04
405			-7.6973E+04
410			-7.7010E+04
415			-7.7032E+04
420			-7.7116E+04
425			-7.7180E+04
430			-7.7182E+04
435			-7.7264E+04
440			-7.7305E+04
445			-7.7334E+04
450			-7.7365E+04
455			-7.7369E+04
460			-7.7400E+04
465			-7.7417E+04
470			-7.7494E+04
475			-7.7554E+04
480			-7.7556E+04
485			-7.7631E+04
490			-7.7667E+04
495			-7.7693E+04
500			-7.7718E+04
505			-7.7722E+04
510			-7.7746E+04
515			-7.7760E+04
520			-7.7842E+04
525			-7.7943E+04
530			-7.7945E+04
535			-7.8035E+04
540			-7.8060E+04
545			-7.8088E+04
550			-7.8101E+04
555			-7.8103E+04
560			-7.8116E+04
565			-7.8129E+04
570			-7.8205E+04
575			-7.8312E+04
580			-7.8314E+04
585			-7.8393E+04
590			-7.8419E+04
595			-7.8443E+04
600			-7.8462E+04
605			-7.8464E+04
610			-7.8478E+04
615			-7.8498E+04
620			-7.8518E+04
625			-7.8567E+04
630			-7.8568E+04
635			-7.8591E+04
640			-7.8605E+04
645			-7.8623E+04
650			-7.8634E+04
655			-7.8636E+04
660			-7.8647E+04
665			-7.8661E+04
670			-7.8679E+04
675			-7.8697E+04
680			-7.8699E+04
685			-7.8720E+04
690			-7.8732E+04
695			-7.8749E+04
700			-7.8759E+04
705			-7.8761E+04
710			-7.8772E+04
715			-7.8784E+04
720			-7.8802E+04
725			-7.8818E+04
730			-7.8820E+04
735			-7.8840E+04
740			-7.8853E+04
745			-7.8867E+04
750			-7.8876E+04
755			-7.8879E+04
760			-7.8889E+04
765			-7.8904E+04
770			-7.8920E+04
775			-7.8951E+04
780			-7.8952E+04
785			-7.8971E+04
790			-7.8988E+04
795			-7.8998E+04
800			-7.9017E+04
805			-7.9019E+04
810			-7.9027E+04
815			-7.9037E+04
820			-7.9061E+04
825			-7.9080E+04
830			-7.9082E+04
835			-7.9105E+04
840			-7.9125E+04
845			-7.9130E+04
850			-7.9145E+04
855			-7.9146E+04
860			-7.9153E+04
865			-7.9165E+04
870			-7.9212E+04
875			-7.9260E+04
880			-7.9262E+04
885			-7.9306E+04
890			-7.9319E+04
895			-7.9327E+04
900			-7.9335E+04
905			-7.9336E+04
910			-7.9343E+04
915			-7.9348E+04
920			-7.9370E+04
925			-7.9395E+04
930			-7.9397E+04
935			-7.9419E+04
940			-7.9431E+04
945			-7.9440E+04
950			-7.9445E+04
955			-7.9447E+04
960			-7.9451E+04
965			-7.9461E+04
970			-7.9477E+04
975			-7.9502E+04
980			-7.9504E+04
985			-7.9527E+04
990			-7.9542E+04
995			-7.9546E+04
1000			-7.9558E+04
1000			-7.9558E+04
