1			-7.9782E+04
5			-7.9789E+04
10			-7.9806E+04
15			-7.9844E+04
20			-7.9870E+04
25			-7.9885E+04
30			-7.9908E+04
35			-7.9920E+04
40			-7.9933E+04
45			-7.9945E+04
50			-7.9956E+04
55			-7.9968E+04
60			-7.9978E+04
65			-7.9986E+04
70			-7.9995E+04
75			-8.0004E+04
80			-8.0012E+04
85			-8.0020E+04
90			-8.0031E+04
95			-8.0035E+04
100			-8.0043E+04
105			-8.0050E+04
110			-8.0062E+04
115			-8.0068E+04
120			-8.0075E+04
125			-8.0082E+04
130			-8.0089E+04
135			-8.0095E+04
140			-8.0102E+04
145			-8.0108E+04
150			-8.0113E+04
155			-8.0119E+04
160			-8.0125E+04
165			-8.0131E+04
170			-8.0136E+04
175			-8.0141E+04
180			-8.0147E+04
185			-8.0154E+04
190			-8.0157E+04
195			-8.0162E+04
200			-8.0167E+04
205			-8.0212E+04
210			-8.0356E+04
215			-8.0389E+04
220			-8.0422E+04
225			-8.0449E+04
230			-8.0451E+04
235			-8.0465E+04
240			-8.0477E+04
245			-8.0496E+04
250			-8.0529E+04
255			-8.0530E+04
260			-8.0546E+04
265			-8.0557E+04
270			-8.0565E+04
275			-8.0586E+04
280			-8.0587E+04
285			-8.0599E+04
290			-8.0605E+04
295			-8.0618E+04
300			-8.0628E+04
305			-8.0630E+04
310			-8.0640E+04
315			-8.0650E+04
320			-8.0658E+04
325			-8.0674E+04
330			-8.0675E+04
335			-8.0685E+04
340			-8.0691E+04
345			-8.0702E+04
350			-8.0710E+04
355			-8.0711E+04
360			-8.0721E+04
365			-8.0726E+04
370			-8.0737E+04
375			-8.0745E+04
380			-8.0747E+04
385			-8.0757E+04
390			-8.0763E+04
395			-8.0774E+04
400			-8.0781E+04
405			-8.0782E+04
410			-8.0791E+04
415			-8.0798E+04
420			-8.0808E+04
425			-8.0816E+04
430			-8.0817E+04
435			-8.0827E+04
440			-8.0835E+04
445			-8.0843E+04
450			-8.0853E+04
455			-8.0854E+04
460			-8.0860E+04
465			-8.0865E+04
470			-8.0876E+04
475			-8.0884E+04
480			-8.0885E+04
485			-8.0894E+04
490			-8.0900E+04
495			-8.0908E+04
500			-8.0911E+04
505			-8.0913E+04
510			-8.0918E+04
515			-8.0925E+04
520			-8.0931E+04
525			-8.0943E+04
530			-8.0945E+04
535			-8.0951E+04
540			-8.0957E+04
545			-8.0962E+04
550			-8.0969E+04
555			-8.0970E+04
560			-8.0974E+04
565			-8.0980E+04
570			-8.0987E+04
575			-8.1000E+04
580			-8.1001E+04
585			-8.1011E+04
590			-8.1019E+04
595			-8.1023E+04
600			-8.1029E+04
605			-8.1030E+04
610			-8.1033E+04
615			-8.1038E+04
620			-8.1054E+04
625			-8.1075E+04
630			-8.1076E+04
635			-8.1092E+04
640			-8.1101E+04
645			-8.1104E+04
650			-8.1109E+04
655			-8.1110E+04
660			-8.1112E+04
665			-8.1119E+04
670			-8.1143E+04
675			-8.1166E+04
680			-8.1167E+04
685			-8.1194E+04
690			-8.1202E+04
695			-8.1207E+04
700			-8.1209E+04
705			-8.1210E+04
710			-8.1212E+04
715			-8.1216E+04
720			-8.1222E+04
725			-8.1236E+04
730			-8.1237E+04
735			-8.1247E+04
740			-8.1251E+04
745			-8.1256E+04
750			-8.1258E+04
755			-8.1260E+04
760			-8.1261E+04
765			-8.1264E+04
770			-8.1270E+04
775			-8.1281E+04
780			-8.1282E+04
785			-8.1290E+04
790			-8.1295E+04
795			-8.1297E+04
800			-8.1300E+04
805			-8.1300E+04
810			-8.1302E+04
815			-8.1305E+04
820			-8.1313E+04
825			-8.1326E+04
830			-8.1328E+04
835			-8.1338E+04
840			-8.1344E+04
845			-8.1346E+04
850			-8.1348E+04
855			-8.1349E+04
860			-8.1350E+04
865			-8.1354E+04
870			-8.1372E+04
875			-8.1396E+04
880			-8.1397E+04
885			-8.1406E+04
890			-8.1410E+04
895			-8.1413E+04
900			-8.1416E+04
905			-8.1417E+04
910			-8.1418E+04
915			-8.1420E+04
920			-8.1426E+04
925			-8.1437E+04
930			-8.1439E+04
935			-8.1449E+04
940			-8.1454E+04
945			-8.1459E+04
950			-8.1460E+04
955			-8.1461E+04
960			-8.1462E+04
965			-8.1467E+04
970			-8.1476E+04
975			-8.1490E+04
980			-8.1491E+04
985			-8.1502E+04
990			-8.1506E+04
995			-8.1510E+04
1000			-8.1512E+04
1000			-8.1512E+04
