       0.000           0.0000
       1.000         168.4839
       2.000         317.2828
       3.000         478.6469
       4.000         641.4063
       5.000         798.4762
       6.000         982.3074
       7.000        1115.3062
       8.000        1278.9845
       9.000        1432.0992
      10.000        1603.7273
      11.000        1782.7402
      12.000        1956.1873
      13.000        2068.5874
      14.000        2277.4451
      15.000        2429.1580
      16.000        2569.3247
      17.000        2699.2007
      18.000        2906.8884
      19.000        3102.6995
      20.000        3251.3076
      21.000        3353.3064
      22.000        3396.6824
      23.000        3470.0042
      24.000        3534.4534
      25.000        3622.4375
      26.000        3804.2915
      27.000        3812.3682
      28.000        3908.6426
      29.000        3945.0576
      30.000        4049.5986
      31.000        4126.0771
      32.000        4200.1255
      33.000        4328.5249
      34.000        4374.7646
      35.000        4445.9165
      36.000        4596.0239
      37.000        4604.3408
      38.000        4750.2935
      39.000        4797.8833
      40.000        4841.5298
      41.000        4974.8833
      42.000        5053.1675
      43.000        5166.4004
      44.000        5213.4727
      45.000        5245.4321
      46.000        5343.8418
      47.000        5445.3618
      48.000        5534.0508
      49.000        5610.9170
      50.000        5719.0552
      51.000        5699.9727
      52.000        5841.9492
      53.000        5922.6895
      54.000        5953.0703
      55.000        6074.4775
      56.000        6138.7139
      57.000        6314.1494
      58.000        6303.9062
      59.000        6347.4575
      60.000        6467.9751
      61.000        6590.6450
      62.000        6550.7480
      63.000        6684.0405
      64.000        6559.5410
      65.000        6687.4023
      66.000        6851.4902
      67.000        6827.6094
      68.000        6741.7285
      69.000        6845.9160
      70.000        7007.4385
      71.000        6994.4136
      72.000        7020.4902
      73.000        7120.3262
      74.000        6980.3076
      75.000        7167.5439
      76.000        7198.8247
      77.000        7192.7188
      78.000        7172.6953
      79.000        7213.0747
      80.000        7304.4062
      81.000        7325.5620
      82.000        7401.2085
      83.000        7495.1406
      84.000        7396.6694
      85.000        7528.8760
      86.000        7528.2222
      87.000        7586.1807
      88.000        7719.3359
      89.000        7688.0347
      90.000        7675.6055
      91.000        7859.6431
      92.000        7760.7432
      93.000        7913.6064
      94.000        7913.3555
      95.000        7926.6025
      96.000        7956.9419
      97.000        8036.1094
      98.000        8049.4868
      99.000        8149.9785
     100.000        8016.9541
     101.000        8128.1787
     102.000        8317.9111
     103.000        8249.2510
     104.000        8223.7666
     105.000        8271.7744
     106.000        8322.7598
     107.000        8394.9932
     108.000        8412.6953
     109.000        8424.8330
     110.000        8498.3008
     111.000        8589.6689
     112.000        8708.0977
     113.000        8596.9043
     114.000        8750.4863
     115.000        8725.9316
     116.000        8831.2881
     117.000        8791.1641
     118.000        8823.0645
     119.000        8897.1182
     120.000        8772.3076
     121.000        8893.9502
     122.000        9105.2100
     123.000        9077.1748
     124.000        9199.6523
     125.000        9260.5234
     126.000        9202.4238
     127.000        9202.4941
     128.000        9298.6357
     129.000        9434.5791
     130.000        9357.3418
     131.000        9441.9570
     132.000        9426.5898
     133.000        9537.9238
     134.000        9407.0371
     135.000        9607.5352
     136.000        9737.9482
     137.000        9548.3252
     138.000        9681.3457
     139.000        9670.6387
     140.000        9658.5166
     141.000        9737.6973
     142.000        9751.4141
     143.000        9783.3203
     144.000        9787.2617
     145.000        9614.0527
     146.000        9907.9502
     147.000        9790.5908
     148.000        9813.3750
     149.000        9862.5068
     150.000        9775.7695
     151.000        9814.1484
     152.000        9650.9736
     153.000        9648.8916
     154.000        9694.7100
     155.000        9714.5186
     156.000        9865.3662
     157.000        9793.5146
     158.000        9803.0312
     159.000        9913.1299
     160.000        9702.8330
     161.000        9731.2246
     162.000        9697.9170
     163.000        9786.3779
     164.000        9808.1006
     165.000        9818.7461
     166.000        9788.1484
     167.000        9639.1797
     168.000        9752.0752
     169.000        9882.6797
     170.000        9792.6660
     171.000       10029.2051
     172.000        9679.0703
     173.000        9770.0645
     174.000        9649.6152
     175.000        9845.1699
     176.000        9727.5723
     177.000        9750.1602
     178.000        9715.9951
     179.000        9787.3486
     180.000        9813.0859
     181.000        9728.1211
     182.000        9818.1113
     183.000        9663.4863
     184.000        9861.4150
     185.000        9608.9209
     186.000        9745.5000
     187.000        9909.3125
     188.000        9758.9443
     189.000        9718.1504
     190.000        9800.5264
     191.000        9752.0479
     192.000        9791.2939
     193.000        9782.5996
     194.000        9815.6777
     195.000        9842.2842
     196.000        9770.9043
     197.000        9749.8486
     198.000        9751.6357
     199.000        9785.1211
     200.000        9653.9160
     201.000        9794.7139
     202.000        9828.7139
     203.000        9647.8975
     204.000        9669.8945
     205.000        9842.7373
     206.000        9844.5674
     207.000        9801.4453
     208.000        9778.5625
     209.000        9760.0303
     210.000        9839.3574
     211.000        9841.6787
     212.000        9764.2666
     213.000        9741.7646
     214.000        9705.0410
     215.000        9757.3379
     216.000        9762.8047
     217.000        9725.2373
     218.000        9858.8105
     219.000        9712.7412
     220.000        9742.1396
     221.000        9601.3857
     222.000        9878.9004
     223.000        9807.8545
     224.000        9698.5098
     225.000        9719.8574
     226.000        9693.3408
     227.000        9692.6318
     228.000        9838.7842
     229.000        9835.5410
     230.000        9901.0693
     231.000        9737.8867
     232.000        9814.6992
     233.000        9691.7939
     234.000        9761.6973
     235.000        9802.7939
     236.000        9694.9082
     237.000        9807.6904
     238.000        9837.9619
     239.000        9740.9287
     240.000        9700.6973
     241.000        9781.1787
     242.000        9727.0156
     243.000        9825.8281
     244.000        9702.2637
     245.000        9785.2207
     246.000        9709.0166
     247.000        9801.3379
     248.000        9781.2188
     249.000        9800.5781
     250.000        9742.1289
     251.000        9799.7686
     252.000        9691.1113
     253.000        9761.3770
     254.000        9633.1895
     255.000        9740.8145
     256.000        9702.1211
     257.000        9753.1982
     258.000        9669.5459
     259.000        9799.9531
     260.000        9811.8545
     261.000        9709.5293
     262.000        9665.2705
     263.000        9709.0029
     264.000        9745.9717
     265.000        9797.9746
     266.000        9806.6816
     267.000        9656.7070
     268.000        9712.5664
     269.000        9888.0723
     270.000        9686.6240
     271.000        9658.2842
     272.000        9730.5342
     273.000        9769.4102
     274.000        9676.7422
     275.000        9681.5859
     276.000        9750.2480
     277.000        9849.5098
     278.000        9877.0840
     279.000        9738.1826
     280.000        9813.5947
     281.000        9691.9766
     282.000        9614.1465
     283.000        9825.8281
     284.000        9691.1201
     285.000        9757.3066
     286.000        9712.4580
     287.000        9635.4395
     288.000        9712.6250
     289.000        9851.3730
     290.000        9674.2881
     291.000        9694.2256
     292.000        9802.2744
     293.000        9785.5000
     294.000        9604.0039
     295.000        9744.9922
     296.000        9783.2930
     297.000        9700.6357
     298.000        9710.4990
     299.000        9788.8203
     300.000        9715.1025
     301.000        9754.0371
     302.000        9573.7227
     303.000        9928.3252
     304.000        9806.1318
     305.000        9628.2168
     306.000        9708.3438
     307.000        9693.7080
     308.000        9811.1328
     309.000        9698.8623
     310.000        9710.4531
     311.000        9841.4170
     312.000        9760.9678
     313.000        9761.9473
     314.000        9655.8018
     315.000        9638.7031
     316.000        9744.4365
     317.000        9700.4961
     318.000        9781.1582
     319.000        9788.0703
     320.000        9748.9834
     321.000        9767.9424
     322.000        9636.2109
     323.000        9658.8135
     324.000        9817.6338
     325.000        9807.7412
     326.000        9739.5723
     327.000        9676.0820
     328.000        9714.8779
     329.000        9685.3789
     330.000        9625.6211
     331.000        9723.3887
     332.000        9714.9160
     333.000        9797.5088
     334.000        9812.0732
     335.000        9810.2861
     336.000        9759.3330
     337.000        9801.5400
     338.000        9763.7598
     339.000        9672.2324
     340.000        9814.0029
     341.000        9834.5283
     342.000        9646.9395
     343.000        9639.6914
     344.000        9783.1641
     345.000        9773.7832
     346.000        9786.4004
     347.000        9869.1982
     348.000        9746.1230
     349.000        9842.3008
     350.000        9765.5674
     351.000        9822.0000
     352.000        9863.2881
     353.000        9759.1055
     354.000        9631.8818
     355.000        9843.7969
     356.000        9656.5557
     357.000        9749.1025
     358.000        9665.8730
     359.000        9819.6074
     360.000        9749.0566
     361.000        9807.9473
     362.000        9686.0693
     363.000        9757.7598
     364.000        9713.3467
     365.000        9677.5635
     366.000        9728.4229
     367.000        9774.4941
     368.000        9736.5488
     369.000        9694.5967
     370.000        9652.9229
     371.000        9693.2129
     372.000        9829.5566
     373.000        9855.5645
     374.000        9818.2148
     375.000        9793.1348
     376.000        9640.7764
     377.000        9682.9170
     378.000        9718.1777
     379.000        9683.7949
     380.000        9828.9727
     381.000        9805.8252
     382.000        9770.5010
     383.000        9839.4561
     384.000        9628.3428
     385.000        9748.3682
     386.000        9716.5762
     387.000        9573.7930
     388.000        9680.9912
     389.000        9756.6953
     390.000        9805.0137
     391.000        9782.2275
     392.000        9695.7725
     393.000        9757.4258
     394.000        9819.7129
     395.000        9809.3320
     396.000        9770.3574
     397.000        9789.7832
     398.000        9753.8633
     399.000        9726.3701
     400.000        9765.3467
