       0.000      -96700.9845
       1.000      -69515.2281
       2.000      -69604.2595
       3.000      -69600.7841
       4.000      -69545.5542
       5.000      -69478.3348
       6.000      -69397.2856
       7.000      -69283.2355
       8.000      -69202.0700
       9.000      -69106.0914
      10.000      -68984.4498
      11.000      -68879.6675
      12.000      -68718.7220
      13.000      -68595.7714
      14.000      -68482.9041
      15.000      -68355.2672
      16.000      -68190.7291
      17.000      -68133.4269
      18.000      -68013.9840
      19.000      -67805.7095
      20.000      -67754.2038
      21.000      -67742.4909
      22.000      -67689.1030
      23.000      -67638.3697
      24.000      -67578.2007
      25.000      -67508.0079
      26.000      -67495.4357
      27.000      -67421.4727
      28.000      -67299.2022
      29.000      -67336.4548
      30.000      -67229.5037
      31.000      -67223.5484
      32.000      -67204.4067
      33.000      -67086.0671
      34.000      -67025.6492
      35.000      -66986.2315
      36.000      -66892.1551
      37.000      -66829.2145
      38.000      -66779.0090
      39.000      -66690.4863
      40.000      -66705.9514
      41.000      -66626.4092
      42.000      -66528.9532
      43.000      -66458.8074
      44.000      -66415.9824
      45.000      -66266.7472
      46.000      -66242.7287
      47.000      -66204.2504
      48.000      -66094.4969
      49.000      -65924.8170
      50.000      -65877.5417
      51.000      -65833.9601
      52.000      -65784.9227
      53.000      -65731.9767
      54.000      -65596.1620
      55.000      -65494.1628
      56.000      -65552.7532
      57.000      -65377.2059
      58.000      -65357.8981
      59.000      -65328.4169
      60.000      -65192.2309
      61.000      -65227.2443
      62.000      -65114.4703
      63.000      -65219.8486
      64.000      -65104.4730
      65.000      -65131.4538
      66.000      -64977.4879
      67.000      -64922.2551
      68.000      -64827.9774
      69.000      -64725.6898
      70.000      -64793.9932
      71.000      -64790.9032
      72.000      -64788.4795
      73.000      -64633.8425
      74.000      -64582.6069
      75.000      -64701.7576
      76.000      -64633.1203
      77.000      -64653.9155
      78.000      -64446.8186
      79.000      -64411.5027
      80.000      -64417.2292
      81.000      -64329.4359
      82.000      -64291.1077
      83.000      -64308.3768
      84.000      -64224.7926
      85.000      -64163.0844
      86.000      -64132.4900
      87.000      -64058.8044
      88.000      -64068.4545
      89.000      -64024.4447
      90.000      -64088.2212
      91.000      -63995.4238
      92.000      -63795.2770
      93.000      -63871.6696
      94.000      -63704.3372
      95.000      -63668.4744
      96.000      -63756.6903
      97.000      -63686.8475
      98.000      -63589.6468
      99.000      -63539.8218
     100.000      -63515.8958
     101.000      -63500.6165
     102.000      -63347.8158
     103.000      -63202.6458
     104.000      -63296.7276
     105.000      -63088.1538
     106.000      -63172.7517
     107.000      -62953.6495
     108.000      -63020.1162
     109.000      -62615.9545
     110.000      -62729.8245
     111.000      -62544.0127
     112.000      -62700.0539
     113.000      -62710.4532
     114.000      -62485.5977
     115.000      -62452.7721
     116.000      -62361.9617
     117.000      -62296.4643
     118.000      -62426.2442
     119.000      -62207.9258
     120.000      -61979.8724
     121.000      -62014.0332
     122.000      -61838.1276
     123.000      -61781.7856
     124.000      -61734.4867
     125.000      -61409.1091
     126.000      -61534.9507
     127.000      -61285.4154
     128.000      -61410.2708
     129.000      -61273.6975
     130.000      -61058.9112
     131.000      -60811.1445
     132.000      -60832.9861
     133.000      -60639.1506
     134.000      -60642.0305
     135.000      -60421.9080
     136.000      -60194.6756
     137.000      -60144.0368
     138.000      -60127.1694
     139.000      -59935.7617
     140.000      -59845.1954
     141.000      -59712.9543
     142.000      -59781.8988
     143.000      -59628.6865
     144.000      -59599.1040
     145.000      -59609.1670
     146.000      -59851.3017
     147.000      -59632.2773
     148.000      -59397.8792
     149.000      -59655.0962
     150.000      -59610.4073
     151.000      -59540.2037
     152.000      -59659.8217
     153.000      -59601.1481
     154.000      -59686.5710
     155.000      -59406.7679
     156.000      -59771.1348
     157.000      -59444.3664
     158.000      -59503.4495
     159.000      -59571.4054
     160.000      -59641.2529
     161.000      -59806.2878
     162.000      -59662.9751
     163.000      -59506.9027
     164.000      -59549.6962
     165.000      -59473.2159
     166.000      -59552.2105
     167.000      -59618.6263
     168.000      -59613.5528
     169.000      -59620.4643
     170.000      -59346.7470
     171.000      -59414.3283
     172.000      -59483.2880
     173.000      -59417.3909
     174.000      -59331.4450
     175.000      -59590.2746
     176.000      -59634.3319
     177.000      -59554.0252
     178.000      -59549.7948
     179.000      -59560.5751
     180.000      -59237.4876
     181.000      -59348.0864
     182.000      -59482.2234
     183.000      -59352.3291
     184.000      -59618.0632
     185.000      -59306.3824
     186.000      -59481.8683
     187.000      -59309.3671
     188.000      -59572.2279
     189.000      -59465.5114
     190.000      -59415.5698
     191.000      -59322.9699
     192.000      -59037.2419
     193.000      -59231.0274
     194.000      -59391.2783
     195.000      -59351.5512
     196.000      -59272.6715
     197.000      -59534.8708
     198.000      -59485.9008
     199.000      -59425.8583
     200.000      -59581.7429
     201.000      -59592.7218
     202.000      -59268.8338
     203.000      -59538.8715
     204.000      -59266.3291
     205.000      -59437.4450
     206.000      -59502.2115
     207.000      -59683.3227
     208.000      -59311.3763
     209.000      -59551.2147
     210.000      -59515.9364
     211.000      -59564.8800
     212.000      -59433.2140
     213.000      -59412.5151
     214.000      -59490.6587
     215.000      -59599.5928
     216.000      -59430.0350
     217.000      -59613.3878
     218.000      -59549.1751
     219.000      -59572.1305
     220.000      -59333.1202
     221.000      -59541.7683
     222.000      -59449.1896
     223.000      -59370.5560
     224.000      -59512.6577
     225.000      -59513.5496
     226.000      -59706.7347
     227.000      -59581.3102
     228.000      -59630.1056
     229.000      -59690.8946
     230.000      -59497.2466
     231.000      -59611.6067
     232.000      -59593.6397
     233.000      -59630.7233
     234.000      -59719.2299
     235.000      -59668.4098
     236.000      -59512.1614
     237.000      -59608.9696
     238.000      -59466.2327
     239.000      -59496.3345
     240.000      -59733.6362
     241.000      -59543.2727
     242.000      -59738.2714
     243.000      -59711.1171
     244.000      -59651.6390
     245.000      -59664.3029
     246.000      -59749.2779
     247.000      -59863.6278
     248.000      -59605.4554
     249.000      -59595.3910
     250.000      -59702.2285
     251.000      -59775.9992
     252.000      -59566.5766
     253.000      -59625.8077
     254.000      -59596.1586
     255.000      -59650.5484
     256.000      -59585.3806
     257.000      -59776.3647
     258.000      -59860.4972
     259.000      -59690.3251
     260.000      -59663.2273
     261.000      -59667.0064
     262.000      -59835.6970
     263.000      -59844.6707
     264.000      -59560.4613
     265.000      -59687.4123
     266.000      -59719.5307
     267.000      -59627.8003
     268.000      -59637.7046
     269.000      -59824.3113
     270.000      -59741.1290
     271.000      -59668.1308
     272.000      -59642.4761
     273.000      -59698.7090
     274.000      -59918.2901
     275.000      -59755.3249
     276.000      -59603.7178
     277.000      -59636.0685
     278.000      -59615.5633
     279.000      -59701.1286
     280.000      -59831.5508
     281.000      -59678.1095
     282.000      -59673.8484
     283.000      -59601.4667
     284.000      -59435.3494
     285.000      -59708.4237
     286.000      -59570.0232
     287.000      -59723.0556
     288.000      -59887.0880
     289.000      -59599.0049
     290.000      -59893.6797
     291.000      -59858.1856
     292.000      -59812.2857
     293.000      -59907.5423
     294.000      -59728.8115
     295.000      -59894.8531
     296.000      -60077.7614
     297.000      -59885.2459
     298.000      -59732.3208
     299.000      -59612.1012
     300.000      -59606.7025
     301.000      -59695.8731
     302.000      -59838.3227
     303.000      -59704.5483
     304.000      -59752.3421
     305.000      -59763.1379
     306.000      -59902.4696
     307.000      -59863.7728
     308.000      -59909.2501
     309.000      -59959.2082
     310.000      -59748.3523
     311.000      -59936.5830
     312.000      -59792.2488
     313.000      -59729.5141
     314.000      -59708.0738
     315.000      -59773.6368
     316.000      -59695.5891
     317.000      -59851.4443
     318.000      -59738.0283
     319.000      -59884.3072
     320.000      -59881.9645
     321.000      -59833.5760
     322.000      -59989.0266
     323.000      -59994.9729
     324.000      -59926.3031
     325.000      -59936.7449
     326.000      -59922.2189
     327.000      -59837.5583
     328.000      -59893.4234
     329.000      -59926.8455
     330.000      -59921.5103
     331.000      -59945.6794
     332.000      -59968.5772
     333.000      -59992.4740
     334.000      -59863.6294
     335.000      -59796.3205
     336.000      -59811.6428
     337.000      -59905.2000
     338.000      -59847.9089
     339.000      -59754.6911
     340.000      -59901.3845
     341.000      -59876.1224
     342.000      -59877.9764
     343.000      -59913.1179
     344.000      -59859.5240
     345.000      -59962.2065
     346.000      -59799.2266
     347.000      -59808.9647
     348.000      -59988.0230
     349.000      -59865.3425
     350.000      -59986.4042
     351.000      -59665.8793
     352.000      -60015.8152
     353.000      -59871.4435
     354.000      -60157.1377
     355.000      -59997.8170
     356.000      -59915.8314
     357.000      -60130.4409
     358.000      -59937.8019
     359.000      -60038.1980
     360.000      -59922.1152
     361.000      -59935.5055
     362.000      -59979.5644
     363.000      -59932.7499
     364.000      -59845.7388
     365.000      -59827.7074
     366.000      -60021.4280
     367.000      -59947.1181
     368.000      -59977.1249
     369.000      -60283.4214
     370.000      -60280.0789
     371.000      -60102.3991
     372.000      -60231.5514
     373.000      -60092.8084
     374.000      -60024.7230
     375.000      -59944.8029
     376.000      -59927.4209
     377.000      -60160.4169
     378.000      -60078.4703
     379.000      -60031.1112
     380.000      -59806.2625
     381.000      -60189.0083
     382.000      -60083.5835
     383.000      -60149.2979
     384.000      -60084.6478
     385.000      -59885.6989
     386.000      -60017.9599
     387.000      -60037.6476
     388.000      -59867.4811
     389.000      -60034.6514
     390.000      -60034.0729
     391.000      -59888.2819
     392.000      -59965.2405
     393.000      -60106.6623
     394.000      -60167.0760
     395.000      -60123.5661
     396.000      -59956.2157
     397.000      -59959.7063
     398.000      -59991.2838
     399.000      -59974.7835
     400.000      -60097.4818
