       0.000      -96700.9845
       1.000      -69346.7442
       2.000      -69286.9766
       3.000      -69122.1372
       4.000      -68904.1479
       5.000      -68679.8586
       6.000      -68414.9783
       7.000      -68167.9293
       8.000      -67923.0855
       9.000      -67673.9921
      10.000      -67380.7225
      11.000      -67096.9272
      12.000      -66762.5348
      13.000      -66527.1840
      14.000      -66205.4590
      15.000      -65926.1092
      16.000      -65621.4044
      17.000      -65434.2262
      18.000      -65107.0956
      19.000      -64703.0100
      20.000      -64502.8962
      21.000      -64389.1845
      22.000      -64292.4206
      23.000      -64168.3655
      24.000      -64043.7474
      25.000      -63885.5704
      26.000      -63691.1442
      27.000      -63609.1045
      28.000      -63390.5596
      29.000      -63391.3972
      30.000      -63179.9051
      31.000      -63097.4712
      32.000      -63004.2812
      33.000      -62757.5422
      34.000      -62650.8845
      35.000      -62540.3150
      36.000      -62296.1311
      37.000      -62224.8737
      38.000      -62028.7155
      39.000      -61892.6030
      40.000      -61864.4217
      41.000      -61651.5259
      42.000      -61475.7857
      43.000      -61292.4070
      44.000      -61202.5097
      45.000      -61021.3151
      46.000      -60898.8869
      47.000      -60758.8885
      48.000      -60560.4461
      49.000      -60313.9000
      50.000      -60158.4865
      51.000      -60133.9874
      52.000      -59942.9735
      53.000      -59809.2872
      54.000      -59643.0916
      55.000      -59419.6853
      56.000      -59414.0393
      57.000      -59063.0565
      58.000      -59053.9919
      59.000      -58980.9594
      60.000      -58724.2558
      61.000      -58636.5993
      62.000      -58563.7222
      63.000      -58535.8081
      64.000      -58544.9320
      65.000      -58444.0515
      66.000      -58125.9977
      67.000      -58094.6458
      68.000      -58086.2489
      69.000      -57879.7738
      70.000      -57786.5547
      71.000      -57796.4896
      72.000      -57767.9893
      73.000      -57513.5163
      74.000      -57602.2993
      75.000      -57534.2137
      76.000      -57434.2956
      77.000      -57461.1967
      78.000      -57274.1233
      79.000      -57198.4280
      80.000      -57112.8229
      81.000      -57003.8739
      82.000      -56889.8992
      83.000      -56813.2361
      84.000      -56828.1231
      85.000      -56634.2085
      86.000      -56604.2679
      87.000      -56472.6237
      88.000      -56349.1186
      89.000      -56336.4101
      90.000      -56412.6157
      91.000      -56135.7807
      92.000      -56034.5339
      93.000      -55958.0632
      94.000      -55790.9818
      95.000      -55741.8719
      96.000      -55799.7484
      97.000      -55650.7381
      98.000      -55540.1599
      99.000      -55389.8433
     100.000      -55498.9417
     101.000      -55372.4378
     102.000      -55029.9047
     103.000      -54953.3948
     104.000      -55072.9610
     105.000      -54816.3794
     106.000      -54849.9919
     107.000      -54558.6563
     108.000      -54607.4209
     109.000      -54191.1215
     110.000      -54231.5238
     111.000      -53954.3438
     112.000      -53991.9562
     113.000      -54113.5489
     114.000      -53735.1113
     115.000      -53726.8404
     116.000      -53530.6736
     117.000      -53505.3002
     118.000      -53603.1798
     119.000      -53310.8076
     120.000      -53207.5648
     121.000      -53120.0830
     122.000      -52732.9176
     123.000      -52704.6108
     124.000      -52534.8343
     125.000      -52148.5856
     126.000      -52332.5269
     127.000      -52082.9212
     128.000      -52111.6350
     129.000      -51839.1184
     130.000      -51701.5694
     131.000      -51369.1874
     132.000      -51406.3963
     133.000      -51101.2267
     134.000      -51234.9934
     135.000      -50814.3729
     136.000      -50456.7274
     137.000      -50595.7116
     138.000      -50445.8237
     139.000      -50265.1230
     140.000      -50186.6788
     141.000      -49975.2570
     142.000      -50030.4847
     143.000      -49845.3662
     144.000      -49811.8422
     145.000      -49995.1142
     146.000      -49943.3515
     147.000      -49841.6865
     148.000      -49584.5042
     149.000      -49792.5894
     150.000      -49834.6378
     151.000      -49726.0553
     152.000      -50008.8481
     153.000      -49952.2565
     154.000      -49991.8610
     155.000      -49692.2493
     156.000      -49905.7686
     157.000      -49650.8517
     158.000      -49700.4183
     159.000      -49658.2755
     160.000      -49938.4199
     161.000      -50075.0632
     162.000      -49965.0581
     163.000      -49720.5247
     164.000      -49741.5956
     165.000      -49654.4698
     166.000      -49764.0621
     167.000      -49979.4466
     168.000      -49861.4776
     169.000      -49737.7846
     170.000      -49554.0810
     171.000      -49385.1232
     172.000      -49804.2177
     173.000      -49647.3264
     174.000      -49681.8298
     175.000      -49745.1046
     176.000      -49906.7597
     177.000      -49803.8651
     178.000      -49833.7997
     179.000      -49773.2265
     180.000      -49424.4016
     181.000      -49619.9653
     182.000      -49664.1121
     183.000      -49688.8427
     184.000      -49756.6481
     185.000      -49697.4615
     186.000      -49736.3683
     187.000      -49400.0546
     188.000      -49813.2835
     189.000      -49747.3610
     190.000      -49615.0435
     191.000      -49570.9221
     192.000      -49245.9479
     193.000      -49448.4278
     194.000      -49575.6005
     195.000      -49509.2670
     196.000      -49501.7672
     197.000      -49785.0222
     198.000      -49734.2650
     199.000      -49640.7372
     200.000      -49927.8269
     201.000      -49798.0079
     202.000      -49440.1199
     203.000      -49890.9741
     204.000      -49596.4345
     205.000      -49594.7077
     206.000      -49657.6442
     207.000      -49881.8774
     208.000      -49532.8138
     209.000      -49791.1844
     210.000      -49676.5790
     211.000      -49723.2013
     212.000      -49668.9474
     213.000      -49670.7505
     214.000      -49785.6177
     215.000      -49842.2549
     216.000      -49667.2303
     217.000      -49888.1504
     218.000      -49690.3646
     219.000      -49859.3893
     220.000      -49590.9806
     221.000      -49940.3826
     222.000      -49570.2892
     223.000      -49562.7015
     224.000      -49814.1479
     225.000      -49793.6922
     226.000      -50013.3938
     227.000      -49888.6783
     228.000      -49791.3214
     229.000      -49855.3536
     230.000      -49596.1772
     231.000      -49873.7200
     232.000      -49778.9405
     233.000      -49938.9293
     234.000      -49957.5327
     235.000      -49865.6159
     236.000      -49817.2532
     237.000      -49801.2791
     238.000      -49628.2708
     239.000      -49755.4058
     240.000      -50032.9389
     241.000      -49762.0940
     242.000      -50011.2558
     243.000      -49885.2889
     244.000      -49949.3753
     245.000      -49879.0822
     246.000      -50040.2613
     247.000      -50062.2900
     248.000      -49824.2366
     249.000      -49794.8129
     250.000      -49960.0996
     251.000      -49976.2306
     252.000      -49875.4653
     253.000      -49864.4308
     254.000      -49962.9692
     255.000      -49909.7340
     256.000      -49883.2595
     257.000      -50023.1665
     258.000      -50190.9513
     259.000      -49890.3719
     260.000      -49851.3728
     261.000      -49957.4771
     262.000      -50170.4265
     263.000      -50135.6678
     264.000      -49814.4897
     265.000      -49889.4377
     266.000      -49912.8491
     267.000      -49971.0933
     268.000      -49925.1382
     269.000      -49936.2391
     270.000      -50054.5050
     271.000      -50009.8466
     272.000      -49911.9419
     273.000      -49929.2988
     274.000      -50241.5479
     275.000      -50073.7389
     276.000      -49853.4698
     277.000      -49786.5588
     278.000      -49738.4793
     279.000      -49962.9459
     280.000      -50017.9561
     281.000      -49986.1330
     282.000      -50059.7019
     283.000      -49775.6385
     284.000      -49744.2293
     285.000      -49951.1171
     286.000      -49857.5652
     287.000      -50087.6161
     288.000      -50174.4630
     289.000      -49747.6318
     290.000      -50219.3916
     291.000      -50163.9600
     292.000      -50010.0113
     293.000      -50122.0423
     294.000      -50124.8076
     295.000      -50149.8609
     296.000      -50294.4685
     297.000      -50184.6101
     298.000      -50021.8218
     299.000      -49823.2809
     300.000      -49891.6000
     301.000      -49941.8360
     302.000      -50264.6001
     303.000      -49776.2231
     304.000      -49946.2103
     305.000      -50134.9211
     306.000      -50194.1258
     307.000      -50170.0648
     308.000      -50098.1173
     309.000      -50260.3459
     310.000      -50037.8992
     311.000      -50095.1660
     312.000      -50031.2810
     313.000      -49967.5669
     314.000      -50052.2720
     315.000      -50134.9337
     316.000      -49951.1526
     317.000      -50150.9482
     318.000      -49956.8701
     319.000      -50096.2369
     320.000      -50132.9811
     321.000      -50065.6336
     322.000      -50352.8157
     323.000      -50336.1595
     324.000      -50108.6693
     325.000      -50129.0037
     326.000      -50182.6466
     327.000      -50161.4762
     328.000      -50178.5454
     329.000      -50241.4666
     330.000      -50295.8892
     331.000      -50222.2907
     332.000      -50253.6611
     333.000      -50194.9652
     334.000      -50051.5562
     335.000      -49986.0344
     336.000      -50052.3098
     337.000      -50103.6600
     338.000      -50084.1491
     339.000      -50082.4587
     340.000      -50087.3816
     341.000      -50041.5941
     342.000      -50231.0369
     343.000      -50273.4265
     344.000      -50076.3599
     345.000      -50188.4233
     346.000      -50012.8262
     347.000      -49939.7664
     348.000      -50241.8999
     349.000      -50023.0417
     350.000      -50220.8368
     351.000      -49843.8793
     352.000      -50152.5271
     353.000      -50112.3380
     354.000      -50525.2559
     355.000      -50154.0201
     356.000      -50259.2757
     357.000      -50381.3383
     358.000      -50271.9289
     359.000      -50218.5906
     360.000      -50173.0586
     361.000      -50127.5582
     362.000      -50293.4951
     363.000      -50174.9902
     364.000      -50132.3921
     365.000      -50150.1439
     366.000      -50293.0052
     367.000      -50172.6240
     368.000      -50240.5761
     369.000      -50588.8247
     370.000      -50627.1561
     371.000      -50409.1862
     372.000      -50401.9948
     373.000      -50237.2439
     374.000      -50206.5081
     375.000      -50151.6682
     376.000      -50286.6445
     377.000      -50477.4999
     378.000      -50360.2926
     379.000      -50347.3163
     380.000      -49977.2899
     381.000      -50383.1831
     382.000      -50313.0825
     383.000      -50309.8418
     384.000      -50456.3050
     385.000      -50137.3308
     386.000      -50301.3837
     387.000      -50463.8547
     388.000      -50186.4899
     389.000      -50277.9560
     390.000      -50229.0592
     391.000      -50106.0544
     392.000      -50269.4680
     393.000      -50349.2365
     394.000      -50347.3631
     395.000      -50314.2340
     396.000      -50185.8582
     397.000      -50169.9231
     398.000      -50237.4205
     399.000      -50248.4134
     400.000      -50332.1351
