       0.000       0.00
       1.000       5.18
       2.000       9.76
       3.000      14.72
       4.000      19.73
       5.000      24.56
       6.000      30.21
       7.000      34.30
       8.000      39.33
       9.000      44.04
      10.000      49.32
      11.000      54.83
      12.000      60.16
      13.000      63.62
      14.000      70.04
      15.000      74.71
      16.000      79.02
      17.000      83.01
      18.000      89.40
      19.000      95.42
      20.000      99.99
      21.000     103.13
      22.000     104.46
      23.000     106.72
      24.000     108.70
      25.000     111.41
      26.000     117.00
      27.000     117.25
      28.000     120.21
      29.000     121.33
      30.000     124.54
      31.000     126.90
      32.000     129.17
      33.000     133.12
      34.000     134.54
      35.000     136.73
      36.000     141.35
      37.000     141.60
      38.000     146.09
      39.000     147.56
      40.000     148.90
      41.000     153.00
      42.000     155.41
      43.000     158.89
      44.000     160.34
      45.000     161.32
      46.000     164.35
      47.000     167.47
      48.000     170.20
      49.000     172.56
      50.000     175.89
      51.000     175.30
      52.000     179.67
      53.000     182.15
      54.000     183.08
      55.000     186.82
      56.000     188.79
      57.000     194.19
      58.000     193.87
      59.000     195.21
      60.000     198.92
      61.000     202.69
      62.000     201.47
      63.000     205.57
      64.000     201.74
      65.000     205.67
      66.000     210.72
      67.000     209.98
      68.000     207.34
      69.000     210.54
      70.000     215.51
      71.000     215.11
      72.000     215.91
      73.000     218.98
      74.000     214.68
      75.000     220.44
      76.000     221.40
      77.000     221.21
      78.000     220.59
      79.000     221.84
      80.000     224.64
      81.000     225.29
      82.000     227.62
      83.000     230.51
      84.000     227.48
      85.000     231.55
      86.000     231.53
      87.000     233.31
      88.000     237.41
      89.000     236.44
      90.000     236.06
      91.000     241.72
      92.000     238.68
      93.000     243.38
      94.000     243.37
      95.000     243.78
      96.000     244.71
      97.000     247.15
      98.000     247.56
      99.000     250.65
     100.000     246.56
     101.000     249.98
     102.000     255.81
     103.000     253.70
     104.000     252.92
     105.000     254.40
     106.000     255.96
     107.000     258.18
     108.000     258.73
     109.000     259.10
     110.000     261.36
     111.000     264.17
     112.000     267.81
     113.000     264.39
     114.000     269.12
     115.000     268.36
     116.000     271.60
     117.000     270.37
     118.000     271.35
     119.000     273.63
     120.000     269.79
     121.000     273.53
     122.000     280.03
     123.000     279.17
     124.000     282.93
     125.000     284.80
     126.000     283.02
     127.000     283.02
     128.000     285.98
     129.000     290.16
     130.000     287.78
     131.000     290.38
     132.000     289.91
     133.000     293.34
     134.000     289.31
     135.000     295.48
     136.000     299.49
     137.000     293.66
     138.000     297.75
     139.000     297.42
     140.000     297.04
     141.000     299.48
     142.000     299.90
     143.000     300.88
     144.000     301.00
     145.000     295.68
     146.000     304.72
     147.000     301.11
     148.000     301.81
     149.000     303.32
     150.000     300.65
     151.000     301.83
     152.000     296.81
     153.000     296.75
     154.000     298.16
     155.000     298.77
     156.000     303.41
     157.000     301.20
     158.000     301.49
     159.000     304.87
     160.000     298.41
     161.000     299.28
     162.000     298.26
     163.000     300.98
     164.000     301.64
     165.000     301.97
     166.000     301.03
     167.000     296.45
     168.000     299.92
     169.000     303.94
     170.000     301.17
     171.000     308.44
     172.000     297.68
     173.000     300.47
     174.000     296.77
     175.000     302.78
     176.000     299.17
     177.000     299.86
     178.000     298.81
     179.000     301.01
     180.000     301.80
     181.000     299.18
     182.000     301.95
     183.000     297.20
     184.000     303.28
     185.000     295.52
     186.000     299.72
     187.000     304.76
     188.000     300.13
     189.000     298.88
     190.000     301.41
     191.000     299.92
     192.000     301.13
     193.000     300.86
     194.000     301.88
     195.000     302.70
     196.000     300.50
     197.000     299.85
     198.000     299.91
     199.000     300.94
     200.000     296.90
     201.000     301.23
     202.000     302.28
     203.000     296.72
     204.000     297.39
     205.000     302.71
     206.000     302.77
     207.000     301.44
     208.000     300.74
     209.000     300.17
     210.000     302.61
     211.000     302.68
     212.000     300.30
     213.000     299.60
     214.000     298.47
     215.000     300.08
     216.000     300.25
     217.000     299.10
     218.000     303.20
     219.000     298.71
     220.000     299.62
     221.000     295.29
     222.000     303.82
     223.000     301.64
     224.000     298.27
     225.000     298.93
     226.000     298.12
     227.000     298.09
     228.000     302.59
     229.000     302.49
     230.000     304.50
     231.000     299.49
     232.000     301.85
     233.000     298.07
     234.000     300.22
     235.000     301.48
     236.000     298.16
     237.000     301.63
     238.000     302.56
     239.000     299.58
     240.000     298.34
     241.000     300.82
     242.000     299.15
     243.000     302.19
     244.000     298.39
     245.000     300.94
     246.000     298.60
     247.000     301.44
     248.000     300.82
     249.000     301.41
     250.000     299.62
     251.000     301.39
     252.000     298.05
     253.000     300.21
     254.000     296.27
     255.000     299.58
     256.000     298.39
     257.000     299.96
     258.000     297.38
     259.000     301.39
     260.000     301.76
     261.000     298.61
     262.000     297.25
     263.000     298.60
     264.000     299.73
     265.000     301.33
     266.000     301.60
     267.000     296.99
     268.000     298.71
     269.000     304.10
     270.000     297.91
     271.000     297.04
     272.000     299.26
     273.000     300.45
     274.000     297.60
     275.000     297.75
     276.000     299.87
     277.000     302.92
     278.000     303.77
     279.000     299.49
     280.000     301.81
     281.000     298.07
     282.000     295.68
     283.000     302.19
     284.000     298.05
     285.000     300.08
     286.000     298.70
     287.000     296.33
     288.000     298.71
     289.000     302.98
     290.000     297.53
     291.000     298.14
     292.000     301.47
     293.000     300.95
     294.000     295.37
     295.000     299.70
     296.000     300.88
     297.000     298.34
     298.000     298.64
     299.000     301.05
     300.000     298.78
     301.000     299.98
     302.000     294.44
     303.000     305.34
     304.000     301.58
     305.000     296.11
     306.000     298.58
     307.000     298.13
     308.000     301.74
     309.000     298.28
     310.000     298.64
     311.000     302.67
     312.000     300.20
     313.000     300.23
     314.000     296.96
     315.000     296.43
     316.000     299.69
     317.000     298.34
     318.000     300.82
     319.000     301.03
     320.000     299.83
     321.000     300.41
     322.000     296.36
     323.000     297.05
     324.000     301.94
     325.000     301.63
     326.000     299.54
     327.000     297.58
     328.000     298.78
     329.000     297.87
     330.000     296.03
     331.000     299.04
     332.000     298.78
     333.000     301.32
     334.000     301.77
     335.000     301.71
     336.000     300.14
     337.000     301.44
     338.000     300.28
     339.000     297.47
     340.000     301.83
     341.000     302.46
     342.000     296.69
     343.000     296.47
     344.000     300.88
     345.000     300.59
     346.000     300.98
     347.000     303.52
     348.000     299.74
     349.000     302.70
     350.000     300.34
     351.000     302.07
     352.000     303.34
     353.000     300.14
     354.000     296.23
     355.000     302.74
     356.000     296.98
     357.000     299.83
     358.000     297.27
     359.000     302.00
     360.000     299.83
     361.000     301.64
     362.000     297.89
     363.000     300.10
     364.000     298.73
     365.000     297.63
     366.000     299.19
     367.000     300.61
     368.000     299.44
     369.000     298.15
     370.000     296.87
     371.000     298.11
     372.000     302.30
     373.000     303.10
     374.000     301.96
     375.000     301.18
     376.000     296.50
     377.000     297.79
     378.000     298.88
     379.000     297.82
     380.000     302.29
     381.000     301.57
     382.000     300.49
     383.000     302.61
     384.000     296.12
     385.000     299.81
     386.000     298.83
     387.000     294.44
     388.000     297.74
     389.000     300.06
     390.000     301.55
     391.000     300.85
     392.000     298.19
     393.000     300.09
     394.000     302.00
     395.000     301.68
     396.000     300.48
     397.000     301.08
     398.000     299.98
     399.000     299.13
     400.000     300.33
