1			-7.9083E+04
5			-7.9094E+04
10			-7.9123E+04
15			-7.9189E+04
20			-7.9324E+04
25			-7.9376E+04
30			-7.9420E+04
35			-7.9455E+04
40			-7.9493E+04
45			-7.9529E+04
50			-7.9561E+04
55			-7.9593E+04
60			-7.9634E+04
65			-7.9648E+04
70			-7.9676E+04
75			-7.9701E+04
80			-7.9744E+04
85			-7.9765E+04
90			-7.9790E+04
95			-7.9814E+04
100			-7.9837E+04
105			-7.9859E+04
110			-7.9876E+04
115			-7.9896E+04
120			-7.9916E+04
125			-7.9934E+04
130			-7.9950E+04
135			-7.9968E+04
140			-7.9985E+04
145			-8.0008E+04
150			-8.0015E+04
155			-8.0030E+04
160			-8.0055E+04
165			-8.0068E+04
170			-8.0083E+04
175			-8.0098E+04
180			-8.0112E+04
185			-8.0125E+04
190			-8.0139E+04
195			-8.0152E+04
200			-8.0163E+04
205			-8.0170E+04
210			-8.0400E+04
215			-8.0546E+04
220			-8.0636E+04
225			-8.0688E+04
230			-8.0691E+04
235			-8.0721E+04
240			-8.0749E+04
245			-8.0805E+04
250			-8.0831E+04
255			-8.0833E+04
260			-8.0852E+04
265			-8.0876E+04
270			-8.0894E+04
275			-8.0924E+04
280			-8.0925E+04
285			-8.0940E+04
290			-8.0955E+04
295			-8.0975E+04
300			-8.1014E+04
305			-8.1016E+04
310			-8.1038E+04
315			-8.1057E+04
320			-8.1075E+04
325			-8.1084E+04
330			-8.1086E+04
335			-8.1095E+04
340			-8.1113E+04
345			-8.1129E+04
350			-8.1158E+04
355			-8.1160E+04
360			-8.1183E+04
365			-8.1199E+04
370			-8.1212E+04
375			-8.1220E+04
380			-8.1221E+04
385			-8.1229E+04
390			-8.1239E+04
395			-8.1260E+04
400			-8.1275E+04
405			-8.1276E+04
410			-8.1295E+04
415			-8.1308E+04
420			-8.1320E+04
425			-8.1327E+04
430			-8.1328E+04
435			-8.1336E+04
440			-8.1351E+04
445			-8.1363E+04
450			-8.1386E+04
455			-8.1387E+04
460			-8.1399E+04
465			-8.1411E+04
470			-8.1418E+04
475			-8.1429E+04
480			-8.1430E+04
485			-8.1436E+04
490			-8.1446E+04
495			-8.1464E+04
500			-8.1485E+04
505			-8.1486E+04
510			-8.1501E+04
515			-8.1514E+04
520			-8.1519E+04
525			-8.1527E+04
530			-8.1529E+04
535			-8.1533E+04
540			-8.1542E+04
545			-8.1573E+04
550			-8.1606E+04
555			-8.1607E+04
560			-8.1635E+04
565			-8.1649E+04
570			-8.1654E+04
575			-8.1659E+04
580			-8.1661E+04
585			-8.1665E+04
590			-8.1671E+04
595			-8.1688E+04
600			-8.1712E+04
605			-8.1714E+04
610			-8.1730E+04
615			-8.1742E+04
620			-8.1745E+04
625			-8.1752E+04
630			-8.1753E+04
635			-8.1759E+04
640			-8.1767E+04
645			-8.1772E+04
650			-8.1788E+04
655			-8.1789E+04
660			-8.1796E+04
665			-8.1803E+04
670			-8.1809E+04
675			-8.1818E+04
680			-8.1819E+04
685			-8.1825E+04
690			-8.1833E+04
695			-8.1838E+04
700			-8.1848E+04
705			-8.1849E+04
710			-8.1856E+04
715			-8.1864E+04
720			-8.1869E+04
725			-8.1876E+04
730			-8.1878E+04
735			-8.1883E+04
740			-8.1891E+04
745			-8.1897E+04
750			-8.1905E+04
755			-8.1907E+04
760			-8.1913E+04
765			-8.1920E+04
770			-8.1925E+04
775			-8.1933E+04
780			-8.1935E+04
785			-8.1939E+04
790			-8.1944E+04
795			-8.1951E+04
800			-8.1960E+04
805			-8.1962E+04
810			-8.1970E+04
815			-8.1977E+04
820			-8.1979E+04
825			-8.1987E+04
830			-8.1988E+04
835			-8.1992E+04
840			-8.1998E+04
845			-8.2002E+04
850			-8.2010E+04
855			-8.2011E+04
860			-8.2016E+04
865			-8.2022E+04
870			-8.2026E+04
875			-8.2033E+04
880			-8.2034E+04
885			-8.2038E+04
890			-8.2043E+04
895			-8.2048E+04
900			-8.2053E+04
905			-8.2054E+04
910			-8.2058E+04
915			-8.2063E+04
920			-8.2068E+04
925			-8.2076E+04
930			-8.2078E+04
935			-8.2084E+04
940			-8.2091E+04
945			-8.2094E+04
950			-8.2098E+04
955			-8.2099E+04
960			-8.2102E+04
965			-8.2106E+04
970			-8.2121E+04
975			-8.2142E+04
980			-8.2144E+04
985			-8.2157E+04
990			-8.2168E+04
995			-8.2171E+04
1000			-8.2174E+04
1000			-8.2174E+04
