1			-4.1269E+04
5			-4.3011E+04
10			-4.5157E+04
15			-4.8060E+04
20			-5.2577E+04
25			-5.8222E+04
30			-6.1905E+04
35			-6.4119E+04
40			-6.4772E+04
45			-6.5723E+04
50			-6.6144E+04
55			-6.6572E+04
60			-6.6975E+04
65			-6.7232E+04
70			-6.7512E+04
75			-6.7756E+04
80			-6.8097E+04
85			-6.8190E+04
90			-6.8525E+04
95			-6.8691E+04
100			-6.8872E+04
105			-6.9037E+04
110			-6.9199E+04
115			-6.9350E+04
120			-6.9461E+04
125			-6.9592E+04
130			-6.9709E+04
135			-6.9819E+04
140			-6.9935E+04
145			-7.0082E+04
150			-7.0129E+04
155			-7.0228E+04
160			-7.0385E+04
165			-7.0466E+04
170			-7.0559E+04
175			-7.0649E+04
180			-7.0735E+04
185			-7.0819E+04
190			-7.0903E+04
195			-7.0983E+04
200			-7.1047E+04
205			-7.1091E+04
210			-7.1920E+04
215			-7.2727E+04
220			-7.2893E+04
225			-7.3275E+04
230			-7.3277E+04
235			-7.3442E+04
240			-7.3537E+04
245			-7.3844E+04
250			-7.4004E+04
255			-7.4010E+04
260			-7.4107E+04
265			-7.4229E+04
270			-7.4357E+04
275			-7.4480E+04
280			-7.4484E+04
285			-7.4578E+04
290			-7.4634E+04
295			-7.4747E+04
300			-7.4823E+04
305			-7.4825E+04
310			-7.4904E+04
315			-7.4987E+04
320			-7.5047E+04
325			-7.5121E+04
330			-7.5125E+04
335			-7.5185E+04
340			-7.5214E+04
345			-7.5331E+04
350			-7.5422E+04
355			-7.5424E+04
360			-7.5505E+04
365			-7.5575E+04
370			-7.5621E+04
375			-7.5661E+04
380			-7.5664E+04
385			-7.5704E+04
390			-7.5728E+04
395			-7.5844E+04
400			-7.5910E+04
405			-7.5913E+04
410			-7.5998E+04
415			-7.6047E+04
420			-7.6092E+04
425			-7.6115E+04
430			-7.6118E+04
435			-7.6145E+04
440			-7.6165E+04
445			-7.6296E+04
450			-7.6376E+04
455			-7.6378E+04
460			-7.6478E+04
465			-7.6529E+04
470			-7.6562E+04
475			-7.6580E+04
480			-7.6582E+04
485			-7.6602E+04
490			-7.6636E+04
495			-7.6713E+04
500			-7.6811E+04
505			-7.6813E+04
510			-7.6870E+04
515			-7.6900E+04
520			-7.6928E+04
525			-7.6951E+04
530			-7.6955E+04
535			-7.6979E+04
540			-7.6998E+04
545			-7.7044E+04
550			-7.7075E+04
555			-7.7077E+04
560			-7.7119E+04
565			-7.7142E+04
570			-7.7167E+04
575			-7.7186E+04
580			-7.7189E+04
585			-7.7211E+04
590			-7.7232E+04
595			-7.7263E+04
600			-7.7286E+04
605			-7.7288E+04
610			-7.7319E+04
615			-7.7336E+04
620			-7.7362E+04
625			-7.7379E+04
630			-7.7382E+04
635			-7.7402E+04
640			-7.7427E+04
645			-7.7447E+04
650			-7.7484E+04
655			-7.7486E+04
660			-7.7507E+04
665			-7.7526E+04
670			-7.7547E+04
675			-7.7597E+04
680			-7.7598E+04
685			-7.7618E+04
690			-7.7637E+04
695			-7.7657E+04
700			-7.7675E+04
705			-7.7676E+04
710			-7.7700E+04
715			-7.7720E+04
720			-7.7732E+04
725			-7.7761E+04
730			-7.7762E+04
735			-7.7774E+04
740			-7.7790E+04
745			-7.7818E+04
750			-7.7851E+04
755			-7.7852E+04
760			-7.7886E+04
765			-7.7904E+04
770			-7.7914E+04
775			-7.7927E+04
780			-7.7929E+04
785			-7.7939E+04
790			-7.7955E+04
795			-7.7972E+04
800			-7.7998E+04
805			-7.8000E+04
810			-7.8020E+04
815			-7.8037E+04
820			-7.8046E+04
825			-7.8064E+04
830			-7.8065E+04
835			-7.8074E+04
840			-7.8084E+04
845			-7.8115E+04
850			-7.8149E+04
855			-7.8151E+04
860			-7.8180E+04
865			-7.8202E+04
870			-7.8209E+04
875			-7.8219E+04
880			-7.8221E+04
885			-7.8232E+04
890			-7.8236E+04
895			-7.8265E+04
900			-7.8280E+04
905			-7.8281E+04
910			-7.8303E+04
915			-7.8320E+04
920			-7.8326E+04
925			-7.8337E+04
930			-7.8338E+04
935			-7.8346E+04
940			-7.8357E+04
945			-7.8367E+04
950			-7.8384E+04
955			-7.8385E+04
960			-7.8393E+04
965			-7.8399E+04
970			-7.8414E+04
975			-7.8423E+04
980			-7.8425E+04
985			-7.8437E+04
990			-7.8445E+04
995			-7.8455E+04
1000			-7.8460E+04
1000			-7.8460E+04
