       0.000           0.0000
       1.000         240.5233
       2.000         456.0955
       3.000         686.4193
       4.000         907.5637
       5.000        1149.0251
       6.000        1371.5308
       7.000        1599.0629
       8.000        1849.4575
       9.000        2065.3398
      10.000        2300.9353
      11.000        2523.5142
      12.000        2779.1899
      13.000        2990.3823
      14.000        3227.9937
      15.000        3436.5107
      16.000        3679.9087
      17.000        3932.1418
      18.000        4143.6831
      19.000        4359.3867
      20.000        4637.1274
      21.000        4778.0161
      22.000        4864.1611
      23.000        4943.5288
      24.000        5077.4556
      25.000        5206.9707
      26.000        5355.8003
      27.000        5436.3008
      28.000        5486.8042
      29.000        5641.6914
      30.000        5765.5723
      31.000        5888.2695
      32.000        6021.5093
      33.000        6085.2939
      34.000        6254.0869
      35.000        6298.9072
      36.000        6527.6802
      37.000        6610.2695
      38.000        6716.4565
      39.000        6826.0557
      40.000        6916.2871
      41.000        7129.8398
      42.000        7139.7432
      43.000        7264.9463
      44.000        7481.8262
      45.000        7441.8071
      46.000        7661.5757
      47.000        7674.0532
      48.000        7901.9146
      49.000        8061.6841
      50.000        8073.9243
      51.000        8222.3408
      52.000        8273.1982
      53.000        8440.6641
      54.000        8481.9053
      55.000        8652.3506
      56.000        8781.8760
      57.000        8872.3389
      58.000        8927.0518
      59.000        9197.1260
      60.000        9242.7832
      61.000        9275.1865
      62.000        9295.5879
      63.000        9399.9658
      64.000        9571.8730
      65.000        9606.3398
      66.000        9593.7139
      67.000        9665.1865
      68.000        9695.3867
      69.000        9718.7246
      70.000        9761.8545
      71.000        9885.3789
      72.000        9872.0322
      73.000       10115.6963
      74.000       10148.9932
      75.000       10095.3486
      76.000       10185.6172
      77.000       10393.7256
      78.000       10263.5781
      79.000       10423.0293
      80.000       10406.8467
      81.000       10376.8379
      82.000       10521.0469
      83.000       10660.7646
      84.000       10587.7373
      85.000       10707.0879
      86.000       10816.7432
      87.000       10947.8252
      88.000       10993.5293
      89.000       10996.1279
      90.000       11001.2373
      91.000       11060.6240
      92.000       11269.5732
      93.000       11068.3633
      94.000       11130.8760
      95.000       11294.2666
      96.000       11286.7480
      97.000       11535.1494
      98.000       11453.8164
      99.000       11502.1670
     100.000       11652.2529
     101.000       11656.0176
     102.000       11695.0137
     103.000       11729.2217
     104.000       11948.8281
     105.000       11880.3740
     106.000       11873.8320
     107.000       11934.9766
     108.000       12100.8359
     109.000       12163.1484
     110.000       12227.0596
     111.000       12322.1465
     112.000       12142.5977
     113.000       12248.2363
     114.000       12408.5811
     115.000       12370.6309
     116.000       12430.6279
     117.000       12629.9639
     118.000       12722.9414
     119.000       12638.0977
     120.000       12763.6621
     121.000       12829.7080
     122.000       12823.6240
     123.000       12913.3496
     124.000       13120.8271
     125.000       12976.7920
     126.000       13050.9541
     127.000       13313.7598
     128.000       13069.9502
     129.000       13243.8994
     130.000       13379.0088
     131.000       13445.9395
     132.000       13308.5498
     133.000       13406.1191
     134.000       13643.2197
     135.000       13565.1943
     136.000       13679.7051
     137.000       13567.4580
     138.000       13855.1973
     139.000       13690.4658
     140.000       13951.9443
     141.000       14003.8428
     142.000       13814.9248
     143.000       13880.6660
     144.000       13864.9668
     145.000       14060.4521
     146.000       13941.8965
     147.000       13847.3105
     148.000       14055.9189
     149.000       13963.8027
     150.000       14049.2549
     151.000       13972.8320
     152.000       13762.1113
     153.000       13930.4756
     154.000       13894.1660
     155.000       13842.0205
     156.000       13793.1768
     157.000       13766.2080
     158.000       13873.8330
     159.000       13879.8105
     160.000       13903.0273
     161.000       13852.5381
     162.000       14048.3125
     163.000       14036.4834
     164.000       14108.5791
     165.000       13879.8164
     166.000       13869.8848
     167.000       13838.5713
     168.000       13868.9727
     169.000       13840.1572
     170.000       13963.9551
     171.000       13815.9355
     172.000       13716.2012
     173.000       13885.7881
     174.000       14117.1504
     175.000       13943.0654
     176.000       13958.4922
     177.000       13869.8643
     178.000       14085.5332
     179.000       14049.5918
     180.000       13912.0449
     181.000       14011.3799
     182.000       13941.7588
     183.000       13821.6631
     184.000       13957.5088
     185.000       13954.4492
     186.000       13936.0684
     187.000       13958.3945
     188.000       13947.0107
     189.000       13807.6592
     190.000       13877.3271
     191.000       13824.7900
     192.000       13801.9834
     193.000       13925.4258
     194.000       13814.6211
     195.000       14057.7119
     196.000       13855.5869
     197.000       13972.8340
     198.000       13825.3418
     199.000       13866.2266
     200.000       13914.8604
     201.000       13853.4229
     202.000       13906.0723
     203.000       13899.6621
     204.000       14029.4756
     205.000       13720.5537
     206.000       13971.6191
     207.000       13936.0273
     208.000       13928.3408
     209.000       13923.0684
     210.000       13947.9863
     211.000       13815.0566
     212.000       13848.7158
     213.000       13876.3350
     214.000       13961.3574
     215.000       14075.2744
     216.000       13807.5303
     217.000       14018.5752
     218.000       13826.2109
     219.000       14006.6357
     220.000       13909.9482
     221.000       13965.1182
     222.000       13928.8291
     223.000       13883.8271
     224.000       14077.2578
     225.000       13756.7256
     226.000       13812.4248
     227.000       13848.1523
     228.000       13886.1592
     229.000       13845.4824
     230.000       13940.7246
     231.000       13876.2891
     232.000       14030.3076
     233.000       13950.8906
     234.000       13921.7031
     235.000       13923.7246
     236.000       13882.6729
     237.000       13887.4648
     238.000       13861.6748
     239.000       13997.3936
     240.000       13932.3984
     241.000       13983.3916
     242.000       13961.6416
     243.000       13921.1699
     244.000       14084.4111
     245.000       13892.5283
     246.000       14058.4854
     247.000       13887.2920
     248.000       13980.0801
     249.000       13890.9980
     250.000       13790.7227
     251.000       13916.9443
     252.000       13920.4766
     253.000       14001.0322
     254.000       13994.4980
     255.000       14005.9941
     256.000       13815.3496
     257.000       13903.9541
     258.000       13902.6357
     259.000       13867.7285
     260.000       13975.0830
     261.000       13777.6689
     262.000       13858.3477
     263.000       13809.0479
     264.000       13900.0039
     265.000       13866.8623
     266.000       13868.8525
     267.000       13928.0596
     268.000       13889.7852
     269.000       13755.8350
     270.000       13938.1895
     271.000       13846.6641
     272.000       13964.7539
     273.000       13850.2852
     274.000       13890.9365
     275.000       13643.8594
     276.000       13836.2793
     277.000       13921.6904
     278.000       13862.6055
     279.000       13862.8486
     280.000       13897.1621
     281.000       13942.8535
     282.000       13826.3477
     283.000       13896.4785
     284.000       13888.6602
     285.000       13958.9248
     286.000       13913.3418
     287.000       13866.1533
     288.000       13843.6768
     289.000       13953.2969
     290.000       13953.4541
     291.000       13785.2109
     292.000       13702.4834
     293.000       14106.0967
     294.000       13953.9238
     295.000       13955.4697
     296.000       13933.1396
     297.000       13973.0889
     298.000       13979.7168
     299.000       13917.7129
     300.000       14037.7812
     301.000       14006.3574
     302.000       13768.1738
     303.000       13921.5918
     304.000       13923.4863
     305.000       13800.4199
     306.000       13954.3525
     307.000       13985.7676
     308.000       13860.3984
     309.000       13927.3535
     310.000       13989.2910
     311.000       13926.4053
     312.000       13984.9443
     313.000       13961.8037
     314.000       13921.2959
     315.000       13819.1689
     316.000       13962.3398
     317.000       13920.5596
     318.000       14041.3828
     319.000       13865.4531
     320.000       13820.0518
     321.000       13889.9805
     322.000       13887.4160
     323.000       13892.6826
     324.000       13650.2803
     325.000       13661.8047
     326.000       13807.4717
     327.000       14038.9902
     328.000       13886.4014
     329.000       13864.7324
     330.000       13962.0576
     331.000       13895.3057
     332.000       14045.9346
     333.000       13822.2715
     334.000       13911.6572
     335.000       13939.8564
     336.000       13989.7783
     337.000       13883.4277
     338.000       13928.9785
     339.000       13804.0283
     340.000       13866.9678
     341.000       13818.5605
     342.000       13882.7275
     343.000       14024.9443
     344.000       13989.8525
     345.000       13762.6309
     346.000       13926.0762
     347.000       13918.5010
     348.000       13957.0996
     349.000       13905.1318
     350.000       13880.5068
     351.000       13782.7969
     352.000       13941.5752
     353.000       13852.1533
     354.000       14117.9775
     355.000       14003.8252
     356.000       13869.6396
     357.000       13821.6807
     358.000       13836.3838
     359.000       14016.4775
     360.000       14104.6504
     361.000       13843.5098
     362.000       13748.6172
     363.000       14042.7354
     364.000       13982.1943
     365.000       13816.6289
     366.000       13933.2803
     367.000       13779.1465
     368.000       13930.4629
     369.000       13897.7646
     370.000       13900.2197
     371.000       13932.6924
     372.000       13799.3887
     373.000       14061.3584
     374.000       13829.8330
     375.000       13835.8564
     376.000       13778.5488
     377.000       13946.9170
     378.000       14002.7891
     379.000       14001.6279
     380.000       13961.0166
     381.000       13768.0752
     382.000       13966.2705
     383.000       13643.2275
     384.000       14126.2695
     385.000       13826.2998
     386.000       14094.3184
     387.000       14000.2480
     388.000       13914.9629
     389.000       14005.9863
     390.000       13942.1484
     391.000       13992.9316
     392.000       13856.8340
     393.000       13906.8213
     394.000       13881.0859
     395.000       13726.4434
     396.000       13868.4697
     397.000       13863.0781
     398.000       13695.5605
     399.000       13858.8301
     400.000       13858.3262
