       0.000      -94754.0310
       1.000      -82690.6177
       2.000      -82857.3371
       3.000      -82895.0343
       4.000      -82837.6468
       5.000      -82750.7381
       6.000      -82634.3182
       7.000      -82491.0268
       8.000      -82353.7441
       9.000      -82189.7551
      10.000      -82008.6662
      11.000      -81919.1644
      12.000      -81777.5728
      13.000      -81617.3443
      14.000      -81494.2097
      15.000      -81283.8297
      16.000      -81107.9370
      17.000      -80931.9093
      18.000      -80766.7365
      19.000      -80576.6235
      20.000      -80311.6700
      21.000      -80266.9491
      22.000      -80225.5974
      23.000      -80114.1097
      24.000      -80115.6196
      25.000      -80168.0019
      26.000      -80062.3459
      27.000      -80042.5138
      28.000      -79864.0393
      29.000      -79911.7865
      30.000      -79764.0536
      31.000      -79602.6907
      32.000      -79569.5282
      33.000      -79418.3364
      34.000      -79328.2314
      35.000      -79241.6153
      36.000      -79136.4009
      37.000      -78958.2477
      38.000      -78953.9797
      39.000      -78787.5258
      40.000      -78728.3261
      41.000      -78625.7965
      42.000      -78471.3111
      43.000      -78411.6117
      44.000      -78260.2135
      45.000      -78139.8056
      46.000      -77992.2037
      47.000      -77917.0451
      48.000      -77687.7489
      49.000      -77634.4568
      50.000      -77436.5211
      51.000      -77425.0715
      52.000      -77124.8012
      53.000      -77154.4275
      54.000      -77108.4176
      55.000      -76754.9615
      56.000      -76785.6474
      57.000      -76385.7736
      58.000      -76355.1759
      59.000      -76126.6762
      60.000      -75944.2953
      61.000      -75896.2185
      62.000      -75763.8468
      63.000      -75678.0838
      64.000      -75597.7349
      65.000      -75447.5590
      66.000      -75491.6575
      67.000      -75322.8528
      68.000      -75199.2815
      69.000      -74857.8013
      70.000      -75136.3259
      71.000      -74870.8481
      72.000      -75002.6327
      73.000      -74731.9723
      74.000      -74618.2039
      75.000      -74459.0949
      76.000      -74239.7054
      77.000      -74189.8567
      78.000      -73929.5800
      79.000      -74028.9708
      80.000      -73923.9818
      81.000      -73580.5450
      82.000      -73715.7127
      83.000      -73293.7766
      84.000      -73380.9054
      85.000      -73364.1525
      86.000      -72942.0626
      87.000      -72857.4864
      88.000      -72834.5340
      89.000      -72689.4196
      90.000      -72409.9566
      91.000      -72362.4973
      92.000      -72253.4647
      93.000      -71973.1686
      94.000      -72154.9564
      95.000      -71800.3605
      96.000      -71669.1351
      97.000      -71648.9580
      98.000      -71259.7559
      99.000      -71249.5678
     100.000      -71060.3873
     101.000      -70731.6807
     102.000      -71114.3435
     103.000      -70755.0275
     104.000      -70688.2137
     105.000      -70701.1889
     106.000      -70477.6031
     107.000      -70320.5737
     108.000      -70094.4911
     109.000      -70061.5607
     110.000      -69883.5364
     111.000      -69729.4483
     112.000      -69742.5826
     113.000      -69668.4658
     114.000      -69750.8534
     115.000      -69216.4241
     116.000      -69335.5490
     117.000      -69046.0914
     118.000      -69047.0739
     119.000      -68919.1091
     120.000      -68631.2835
     121.000      -68434.3660
     122.000      -68462.3536
     123.000      -68283.7733
     124.000      -68427.2782
     125.000      -67956.5364
     126.000      -68169.6129
     127.000      -68142.0254
     128.000      -68075.1341
     129.000      -67871.1971
     130.000      -67799.8886
     131.000      -67500.9072
     132.000      -67319.4586
     133.000      -67512.9403
     134.000      -67198.5403
     135.000      -66923.6404
     136.000      -66854.7763
     137.000      -66827.7460
     138.000      -66714.2724
     139.000      -66922.5798
     140.000      -66434.4040
     141.000      -66391.3097
     142.000      -66405.0542
     143.000      -66606.3649
     144.000      -66533.5637
     145.000      -66534.1350
     146.000      -66336.2791
     147.000      -66513.0614
     148.000      -66511.1260
     149.000      -66436.5276
     150.000      -66450.4798
     151.000      -66414.4238
     152.000      -66507.4942
     153.000      -66419.7425
     154.000      -66577.2392
     155.000      -66630.4199
     156.000      -66367.4361
     157.000      -66457.9961
     158.000      -66489.8373
     159.000      -66429.4086
     160.000      -66596.0827
     161.000      -66376.5514
     162.000      -66494.5807
     163.000      -66766.0662
     164.000      -66421.9024
     165.000      -66333.2340
     166.000      -66401.6998
     167.000      -66670.1732
     168.000      -66692.2037
     169.000      -66326.9230
     170.000      -66499.8242
     171.000      -66536.8719
     172.000      -66553.2638
     173.000      -66451.0953
     174.000      -66474.3182
     175.000      -66515.4781
     176.000      -66406.2933
     177.000      -66482.6966
     178.000      -66705.5801
     179.000      -66568.8173
     180.000      -66538.4942
     181.000      -66613.6385
     182.000      -66525.4169
     183.000      -66655.7424
     184.000      -66771.2534
     185.000      -66441.0027
     186.000      -66583.5302
     187.000      -66554.8075
     188.000      -66443.5964
     189.000      -66755.7578
     190.000      -66817.8174
     191.000      -66599.9626
     192.000      -66692.3104
     193.000      -66662.0662
     194.000      -66595.2602
     195.000      -66698.6889
     196.000      -66717.5038
     197.000      -66678.2698
     198.000      -66628.5792
     199.000      -66786.4729
     200.000      -66888.1008
     201.000      -66579.7221
     202.000      -66618.5943
     203.000      -66427.2199
     204.000      -66658.7271
     205.000      -66733.0297
     206.000      -66589.1284
     207.000      -66785.0297
     208.000      -66934.7613
     209.000      -66727.2430
     210.000      -66729.1502
     211.000      -66654.1277
     212.000      -66523.5972
     213.000      -66525.9672
     214.000      -66646.2592
     215.000      -66622.6910
     216.000      -66618.7375
     217.000      -66753.9516
     218.000      -66783.3991
     219.000      -66721.2970
     220.000      -66725.5107
     221.000      -66510.1412
     222.000      -66676.3742
     223.000      -66477.2464
     224.000      -66569.6280
     225.000      -66722.0576
     226.000      -66619.7144
     227.000      -66625.2237
     228.000      -66574.7603
     229.000      -66466.5162
     230.000      -66725.5228
     231.000      -66755.1185
     232.000      -66697.4658
     233.000      -66659.5219
     234.000      -66566.5470
     235.000      -66685.3504
     236.000      -66578.4733
     237.000      -66681.0831
     238.000      -66964.5476
     239.000      -66807.4639
     240.000      -66557.6541
     241.000      -66678.8938
     242.000      -66531.2923
     243.000      -66563.6273
     244.000      -66581.4831
     245.000      -66615.8761
     246.000      -66794.3833
     247.000      -66670.9395
     248.000      -66739.3787
     249.000      -66681.3606
     250.000      -66994.4410
     251.000      -66517.9487
     252.000      -66689.9668
     253.000      -66591.7284
     254.000      -66782.5658
     255.000      -66575.8455
     256.000      -66676.4593
     257.000      -66649.9057
     258.000      -66770.5076
     259.000      -66760.7605
     260.000      -67037.9857
     261.000      -66848.9234
     262.000      -66809.2675
     263.000      -66729.8852
     264.000      -66619.2259
     265.000      -66593.4567
     266.000      -66813.3100
     267.000      -66580.8191
     268.000      -66491.2898
     269.000      -66748.3046
     270.000      -66670.1743
     271.000      -66506.3856
     272.000      -66802.3289
     273.000      -66901.6553
     274.000      -66720.2066
     275.000      -66816.4727
     276.000      -66745.5231
     277.000      -67113.3518
     278.000      -66733.5279
     279.000      -66928.7231
     280.000      -66730.5091
     281.000      -66793.0115
     282.000      -66873.0059
     283.000      -66708.2449
     284.000      -66876.0669
     285.000      -66925.4814
     286.000      -66977.7874
     287.000      -66639.2562
     288.000      -66669.6313
     289.000      -66615.1380
     290.000      -66690.6609
     291.000      -66893.3629
     292.000      -66853.4733
     293.000      -66860.1620
     294.000      -66864.2732
     295.000      -66777.8285
     296.000      -66736.9985
     297.000      -66637.2229
     298.000      -66808.2283
     299.000      -66799.9377
     300.000      -66737.6566
     301.000      -66681.3310
     302.000      -66670.1420
     303.000      -66806.8555
     304.000      -66814.3998
     305.000      -66848.6040
     306.000      -66729.5714
     307.000      -66787.1762
     308.000      -66688.6775
     309.000      -66949.7771
     310.000      -66653.1809
     311.000      -66750.0383
     312.000      -66770.7952
     313.000      -66810.6458
     314.000      -66714.5061
     315.000      -66482.5450
     316.000      -66624.3091
     317.000      -66801.4653
     318.000      -66832.8239
     319.000      -66901.1233
     320.000      -66904.6233
     321.000      -66717.1949
     322.000      -66595.1437
     323.000      -66860.9683
     324.000      -66782.9388
     325.000      -66816.4510
     326.000      -66850.5390
     327.000      -66775.6051
     328.000      -66796.8344
     329.000      -66772.7089
     330.000      -66724.6567
     331.000      -66532.5751
     332.000      -66795.1182
     333.000      -66712.6622
     334.000      -66823.8448
     335.000      -66793.0871
     336.000      -66676.2294
     337.000      -66694.4073
     338.000      -66769.1003
     339.000      -66654.7819
     340.000      -66755.8507
     341.000      -66821.7696
     342.000      -66804.4186
     343.000      -66940.9915
     344.000      -66611.6440
     345.000      -66838.0574
     346.000      -66792.9913
     347.000      -66847.5183
     348.000      -67033.5833
     349.000      -66683.5529
     350.000      -66804.9582
     351.000      -66727.1783
     352.000      -66881.0255
     353.000      -66632.1826
     354.000      -66806.1200
     355.000      -66960.2707
     356.000      -66893.5531
     357.000      -66735.6067
     358.000      -66888.0982
     359.000      -67013.1878
     360.000      -66953.7938
     361.000      -66915.5411
     362.000      -66701.8037
     363.000      -66939.6043
     364.000      -67006.5345
     365.000      -66725.9533
     366.000      -66984.9399
     367.000      -67154.0312
     368.000      -67024.3818
     369.000      -66898.3830
     370.000      -66862.6384
     371.000      -66955.7610
     372.000      -66860.4647
     373.000      -66821.5853
     374.000      -67010.7115
     375.000      -66869.9359
     376.000      -67020.1392
     377.000      -67057.1013
     378.000      -66879.2601
     379.000      -66768.4248
     380.000      -66705.8244
     381.000      -66830.0049
     382.000      -66951.8670
     383.000      -67106.7652
     384.000      -67162.7879
     385.000      -67085.1387
     386.000      -67018.2442
     387.000      -67076.1275
     388.000      -66905.0046
     389.000      -66864.8521
     390.000      -66917.9744
     391.000      -67018.3049
     392.000      -66850.1304
     393.000      -66913.0914
     394.000      -67225.5863
     395.000      -66989.4482
     396.000      -67031.0570
     397.000      -66949.7465
     398.000      -67053.5232
     399.000      -66849.5167
     400.000      -66687.3651
