       0.000      -94754.0310
       1.000      -82450.0943
       2.000      -82401.2416
       3.000      -82208.6150
       4.000      -81930.0832
       5.000      -81601.7129
       6.000      -81262.7874
       7.000      -80891.9639
       8.000      -80504.2866
       9.000      -80124.4153
      10.000      -79707.7309
      11.000      -79395.6502
      12.000      -78998.3828
      13.000      -78626.9620
      14.000      -78266.2160
      15.000      -77847.3190
      16.000      -77428.0283
      17.000      -76999.7675
      18.000      -76623.0534
      19.000      -76217.2368
      20.000      -75674.5426
      21.000      -75488.9330
      22.000      -75361.4363
      23.000      -75170.5808
      24.000      -75038.1640
      25.000      -74961.0312
      26.000      -74706.5456
      27.000      -74606.2131
      28.000      -74377.2351
      29.000      -74270.0951
      30.000      -73998.4814
      31.000      -73714.4212
      32.000      -73548.0189
      33.000      -73333.0424
      34.000      -73074.1445
      35.000      -72942.7081
      36.000      -72608.7207
      37.000      -72347.9782
      38.000      -72237.5231
      39.000      -71961.4702
      40.000      -71812.0390
      41.000      -71495.9567
      42.000      -71331.5679
      43.000      -71146.6654
      44.000      -70778.3873
      45.000      -70697.9985
      46.000      -70330.6280
      47.000      -70242.9919
      48.000      -69785.8343
      49.000      -69572.7727
      50.000      -69362.5968
      51.000      -69202.7307
      52.000      -68851.6030
      53.000      -68713.7634
      54.000      -68626.5123
      55.000      -68102.6109
      56.000      -68003.7714
      57.000      -67513.4347
      58.000      -67428.1241
      59.000      -66929.5503
      60.000      -66701.5121
      61.000      -66621.0320
      62.000      -66468.2589
      63.000      -66278.1179
      64.000      -66025.8618
      65.000      -65841.2191
      66.000      -65897.9437
      67.000      -65657.6662
      68.000      -65503.8948
      69.000      -65139.0767
      70.000      -65374.4714
      71.000      -64985.4692
      72.000      -65130.6005
      73.000      -64616.2760
      74.000      -64469.2107
      75.000      -64363.7463
      76.000      -64054.0882
      77.000      -63796.1311
      78.000      -63666.0018
      79.000      -63605.9415
      80.000      -63517.1351
      81.000      -63203.7071
      82.000      -63194.6658
      83.000      -62633.0120
      84.000      -62793.1681
      85.000      -62657.0646
      86.000      -62125.3195
      87.000      -61909.6612
      88.000      -61841.0047
      89.000      -61693.2917
      90.000      -61408.7193
      91.000      -61301.8733
      92.000      -60983.8914
      93.000      -60904.8053
      94.000      -61024.0805
      95.000      -60506.0939
      96.000      -60382.3870
      97.000      -60113.8086
      98.000      -59805.9395
      99.000      -59747.4008
     100.000      -59408.1344
     101.000      -59075.6632
     102.000      -59419.3298
     103.000      -59025.8058
     104.000      -58739.3856
     105.000      -58820.8148
     106.000      -58603.7711
     107.000      -58385.5971
     108.000      -57993.6551
     109.000      -57898.4123
     110.000      -57656.4768
     111.000      -57407.3018
     112.000      -57599.9850
     113.000      -57420.2295
     114.000      -57342.2723
     115.000      -56845.7932
     116.000      -56904.9211
     117.000      -56416.1275
     118.000      -56324.1324
     119.000      -56281.0114
     120.000      -55867.6214
     121.000      -55604.6580
     122.000      -55638.7296
     123.000      -55370.4237
     124.000      -55306.4510
     125.000      -54979.7444
     126.000      -55118.6588
     127.000      -54828.2656
     128.000      -55005.1839
     129.000      -54627.2976
     130.000      -54420.8798
     131.000      -54054.9678
     132.000      -54010.9087
     133.000      -54106.8211
     134.000      -53555.3206
     135.000      -53358.4461
     136.000      -53175.0712
     137.000      -53260.2880
     138.000      -52859.0752
     139.000      -53232.1140
     140.000      -52482.4597
     141.000      -52387.4669
     142.000      -52590.1294
     143.000      -52725.6989
     144.000      -52668.5969
     145.000      -52473.6828
     146.000      -52394.3826
     147.000      -52665.7509
     148.000      -52455.2071
     149.000      -52472.7249
     150.000      -52401.2250
     151.000      -52441.5918
     152.000      -52745.3829
     153.000      -52489.2669
     154.000      -52683.0731
     155.000      -52788.3994
     156.000      -52574.2594
     157.000      -52691.7881
     158.000      -52616.0043
     159.000      -52549.5981
     160.000      -52693.0553
     161.000      -52524.0133
     162.000      -52446.2682
     163.000      -52729.5829
     164.000      -52313.3233
     165.000      -52453.4176
     166.000      -52531.8150
     167.000      -52831.6019
     168.000      -52823.2311
     169.000      -52486.7657
     170.000      -52535.8691
     171.000      -52720.9364
     172.000      -52837.0626
     173.000      -52565.3072
     174.000      -52357.1679
     175.000      -52572.4126
     176.000      -52447.8011
     177.000      -52612.8323
     178.000      -52620.0469
     179.000      -52519.2255
     180.000      -52626.4493
     181.000      -52602.2586
     182.000      -52583.6581
     183.000      -52834.0793
     184.000      -52813.7446
     185.000      -52486.5535
     186.000      -52647.4618
     187.000      -52596.4130
     188.000      -52496.5856
     189.000      -52948.0986
     190.000      -52940.4903
     191.000      -52775.1726
     192.000      -52890.3270
     193.000      -52736.6405
     194.000      -52780.6391
     195.000      -52640.9770
     196.000      -52861.9169
     197.000      -52705.4358
     198.000      -52803.2374
     199.000      -52920.2464
     200.000      -52973.2404
     201.000      -52726.2993
     202.000      -52712.5221
     203.000      -52527.5578
     204.000      -52629.2515
     205.000      -53012.4760
     206.000      -52617.5092
     207.000      -52849.0023
     208.000      -53006.4205
     209.000      -52804.1746
     210.000      -52781.1639
     211.000      -52839.0710
     212.000      -52674.8814
     213.000      -52649.6323
     214.000      -52684.9018
     215.000      -52547.4166
     216.000      -52811.2072
     217.000      -52735.3764
     218.000      -52957.1882
     219.000      -52714.6612
     220.000      -52815.5624
     221.000      -52545.0230
     222.000      -52747.5451
     223.000      -52593.4192
     224.000      -52492.3701
     225.000      -52965.3321
     226.000      -52807.2896
     227.000      -52777.0713
     228.000      -52688.6011
     229.000      -52621.0338
     230.000      -52784.7982
     231.000      -52878.8294
     232.000      -52667.1582
     233.000      -52708.6313
     234.000      -52644.8439
     235.000      -52761.6258
     236.000      -52695.8005
     237.000      -52793.6183
     238.000      -53102.8728
     239.000      -52810.0703
     240.000      -52625.2556
     241.000      -52695.5022
     242.000      -52569.6507
     243.000      -52642.4574
     244.000      -52497.0719
     245.000      -52723.3478
     246.000      -52735.8980
     247.000      -52783.6475
     248.000      -52759.2986
     249.000      -52790.3626
     250.000      -53203.7183
     251.000      -52601.0043
     252.000      -52769.4902
     253.000      -52590.6962
     254.000      -52788.0678
     255.000      -52569.8514
     256.000      -52861.1097
     257.000      -52745.9516
     258.000      -52867.8718
     259.000      -52893.0320
     260.000      -53062.9027
     261.000      -53071.2544
     262.000      -52950.9199
     263.000      -52920.8373
     264.000      -52719.2220
     265.000      -52726.5944
     266.000      -52944.4575
     267.000      -52652.7595
     268.000      -52601.5046
     269.000      -52992.4696
     270.000      -52731.9849
     271.000      -52659.7215
     272.000      -52837.5750
     273.000      -53051.3701
     274.000      -52829.2701
     275.000      -53172.6134
     276.000      -52909.2438
     277.000      -53191.6614
     278.000      -52870.9225
     279.000      -53065.8745
     280.000      -52833.3469
     281.000      -52850.1580
     282.000      -53046.6582
     283.000      -52811.7664
     284.000      -52987.4067
     285.000      -52966.5566
     286.000      -53064.4456
     287.000      -52773.1029
     288.000      -52825.9546
     289.000      -52661.8411
     290.000      -52737.2068
     291.000      -53108.1520
     292.000      -53150.9899
     293.000      -52754.0653
     294.000      -52910.3493
     295.000      -52822.3587
     296.000      -52803.8588
     297.000      -52664.1340
     298.000      -52828.5115
     299.000      -52882.2248
     300.000      -52699.8753
     301.000      -52674.9736
     302.000      -52901.9682
     303.000      -52885.2637
     304.000      -52890.9134
     305.000      -53048.1841
     306.000      -52775.2189
     307.000      -52801.4087
     308.000      -52828.2791
     309.000      -53022.4236
     310.000      -52663.8899
     311.000      -52823.6330
     312.000      -52785.8509
     313.000      -52848.8421
     314.000      -52793.2102
     315.000      -52663.3761
     316.000      -52661.9693
     317.000      -52880.9057
     318.000      -52791.4411
     319.000      -53035.6702
     320.000      -53084.5716
     321.000      -52827.2144
     322.000      -52707.7276
     323.000      -52968.2857
     324.000      -53132.6586
     325.000      -53154.6463
     326.000      -53043.0673
     327.000      -52736.6149
     328.000      -52910.4330
     329.000      -52907.9764
     330.000      -52762.5991
     331.000      -52637.2694
     332.000      -52749.1837
     333.000      -52890.3908
     334.000      -52912.1875
     335.000      -52853.2306
     336.000      -52686.4511
     337.000      -52810.9796
     338.000      -52840.1218
     339.000      -52850.7536
     340.000      -52888.8830
     341.000      -53003.2090
     342.000      -52921.6911
     343.000      -52916.0472
     344.000      -52621.7914
     345.000      -53075.4265
     346.000      -52866.9152
     347.000      -52929.0173
     348.000      -53076.4837
     349.000      -52778.4211
     350.000      -52924.4513
     351.000      -52944.3814
     352.000      -52939.4504
     353.000      -52780.0293
     354.000      -52688.1424
     355.000      -52956.4455
     356.000      -53023.9134
     357.000      -52913.9260
     358.000      -53051.7144
     359.000      -52996.7102
     360.000      -52849.1434
     361.000      -53072.0313
     362.000      -52953.1865
     363.000      -52896.8690
     364.000      -53024.3402
     365.000      -52909.3244
     366.000      -53051.6596
     367.000      -53374.8848
     368.000      -53093.9189
     369.000      -53000.6183
     370.000      -52962.4187
     371.000      -53023.0686
     372.000      -53061.0760
     373.000      -52760.2269
     374.000      -53180.8785
     375.000      -53034.0795
     376.000      -53241.5904
     377.000      -53110.1843
     378.000      -52876.4710
     379.000      -52766.7969
     380.000      -52744.8078
     381.000      -53061.9297
     382.000      -52985.5965
     383.000      -53463.5377
     384.000      -53036.5184
     385.000      -53258.8389
     386.000      -52923.9258
     387.000      -53075.8795
     388.000      -52990.0417
     389.000      -52858.8658
     390.000      -52975.8260
     391.000      -53025.3733
     392.000      -52993.2964
     393.000      -53006.2701
     394.000      -53344.5004
     395.000      -53263.0049
     396.000      -53162.5873
     397.000      -53086.6684
     398.000      -53357.9627
     399.000      -52990.6866
     400.000      -52829.0389
