       0.000       0.00
       1.000       5.19
       2.000       9.84
       3.000      14.81
       4.000      19.59
       5.000      24.80
       6.000      29.60
       7.000      34.51
       8.000      39.91
       9.000      44.57
      10.000      49.66
      11.000      54.46
      12.000      59.98
      13.000      64.54
      14.000      69.67
      15.000      74.17
      16.000      79.42
      17.000      84.86
      18.000      89.43
      19.000      94.08
      20.000     100.08
      21.000     103.12
      22.000     104.98
      23.000     106.69
      24.000     109.58
      25.000     112.38
      26.000     115.59
      27.000     117.33
      28.000     118.42
      29.000     121.76
      30.000     124.43
      31.000     127.08
      32.000     129.95
      33.000     131.33
      34.000     134.97
      35.000     135.94
      36.000     140.88
      37.000     142.66
      38.000     144.95
      39.000     147.32
      40.000     149.27
      41.000     153.87
      42.000     154.09
      43.000     156.79
      44.000     161.47
      45.000     160.61
      46.000     165.35
      47.000     165.62
      48.000     170.54
      49.000     173.99
      50.000     174.25
      51.000     177.45
      52.000     178.55
      53.000     182.16
      54.000     183.05
      55.000     186.73
      56.000     189.53
      57.000     191.48
      58.000     192.66
      59.000     198.49
      60.000     199.48
      61.000     200.18
      62.000     200.62
      63.000     202.87
      64.000     206.58
      65.000     207.32
      66.000     207.05
      67.000     208.59
      68.000     209.24
      69.000     209.75
      70.000     210.68
      71.000     213.34
      72.000     213.06
      73.000     218.31
      74.000     219.03
      75.000     217.88
      76.000     219.82
      77.000     224.32
      78.000     221.51
      79.000     224.95
      80.000     224.60
      81.000     223.95
      82.000     227.06
      83.000     230.08
      84.000     228.50
      85.000     231.08
      86.000     233.44
      87.000     236.27
      88.000     237.26
      89.000     237.32
      90.000     237.43
      91.000     238.71
      92.000     243.22
      93.000     238.88
      94.000     240.22
      95.000     243.75
      96.000     243.59
      97.000     248.95
      98.000     247.19
      99.000     248.24
     100.000     251.48
     101.000     251.56
     102.000     252.40
     103.000     253.14
     104.000     257.88
     105.000     256.40
     106.000     256.26
     107.000     257.58
     108.000     261.16
     109.000     262.50
     110.000     263.88
     111.000     265.93
     112.000     262.06
     113.000     264.34
     114.000     267.80
     115.000     266.98
     116.000     268.28
     117.000     272.58
     118.000     274.58
     119.000     272.75
     120.000     275.46
     121.000     276.89
     122.000     276.76
     123.000     278.69
     124.000     283.17
     125.000     280.06
     126.000     281.66
     127.000     287.33
     128.000     282.07
     129.000     285.83
     130.000     288.74
     131.000     290.19
     132.000     287.22
     133.000     289.33
     134.000     294.45
     135.000     292.76
     136.000     295.23
     137.000     292.81
     138.000     299.02
     139.000     295.46
     140.000     301.11
     141.000     302.23
     142.000     298.15
     143.000     299.57
     144.000     299.23
     145.000     303.45
     146.000     300.89
     147.000     298.85
     148.000     303.35
     149.000     301.36
     150.000     303.21
     151.000     301.56
     152.000     297.01
     153.000     300.64
     154.000     299.86
     155.000     298.74
     156.000     297.68
     157.000     297.10
     158.000     299.42
     159.000     299.55
     160.000     300.05
     161.000     298.96
     162.000     303.19
     163.000     302.93
     164.000     304.49
     165.000     299.55
     166.000     299.34
     167.000     298.66
     168.000     299.32
     169.000     298.70
     170.000     301.37
     171.000     298.17
     172.000     296.02
     173.000     299.68
     174.000     304.67
     175.000     300.92
     176.000     301.25
     177.000     299.34
     178.000     303.99
     179.000     303.22
     180.000     300.25
     181.000     302.39
     182.000     300.89
     183.000     298.30
     184.000     301.23
     185.000     301.16
     186.000     300.77
     187.000     301.25
     188.000     301.00
     189.000     297.99
     190.000     299.50
     191.000     298.36
     192.000     297.87
     193.000     300.54
     194.000     298.14
     195.000     303.39
     196.000     299.03
     197.000     301.56
     198.000     298.38
     199.000     299.26
     200.000     300.31
     201.000     298.98
     202.000     300.12
     203.000     299.98
     204.000     302.78
     205.000     296.11
     206.000     301.53
     207.000     300.76
     208.000     300.60
     209.000     300.48
     210.000     301.02
     211.000     298.15
     212.000     298.88
     213.000     299.48
     214.000     301.31
     215.000     303.77
     216.000     297.99
     217.000     302.55
     218.000     298.39
     219.000     302.29
     220.000     300.20
     221.000     301.39
     222.000     300.61
     223.000     299.64
     224.000     303.81
     225.000     296.89
     226.000     298.10
     227.000     298.87
     228.000     299.69
     229.000     298.81
     230.000     300.87
     231.000     299.48
     232.000     302.80
     233.000     301.09
     234.000     300.46
     235.000     300.50
     236.000     299.61
     237.000     299.72
     238.000     299.16
     239.000     302.09
     240.000     300.69
     241.000     301.79
     242.000     301.32
     243.000     300.44
     244.000     303.97
     245.000     299.83
     246.000     303.41
     247.000     299.71
     248.000     301.72
     249.000     299.79
     250.000     297.63
     251.000     300.35
     252.000     300.43
     253.000     302.17
     254.000     302.03
     255.000     302.27
     256.000     298.16
     257.000     300.07
     258.000     300.04
     259.000     299.29
     260.000     301.61
     261.000     297.35
     262.000     299.09
     263.000     298.02
     264.000     299.99
     265.000     299.27
     266.000     299.31
     267.000     300.59
     268.000     299.77
     269.000     296.88
     270.000     300.81
     271.000     298.84
     272.000     301.38
     273.000     298.91
     274.000     299.79
     275.000     294.46
     276.000     298.61
     277.000     300.46
     278.000     299.18
     279.000     299.19
     280.000     299.93
     281.000     300.91
     282.000     298.40
     283.000     299.91
     284.000     299.74
     285.000     301.26
     286.000     300.27
     287.000     299.26
     288.000     298.77
     289.000     301.14
     290.000     301.14
     291.000     297.51
     292.000     295.72
     293.000     304.43
     294.000     301.15
     295.000     301.18
     296.000     300.70
     297.000     301.56
     298.000     301.71
     299.000     300.37
     300.000     302.96
     301.000     302.28
     302.000     297.14
     303.000     300.45
     304.000     300.49
     305.000     297.84
     306.000     301.16
     307.000     301.84
     308.000     299.13
     309.000     300.58
     310.000     301.91
     311.000     300.56
     312.000     301.82
     313.000     301.32
     314.000     300.45
     315.000     298.24
     316.000     301.33
     317.000     300.43
     318.000     303.04
     319.000     299.24
     320.000     298.26
     321.000     299.77
     322.000     299.72
     323.000     299.83
     324.000     294.60
     325.000     294.85
     326.000     297.99
     327.000     302.99
     328.000     299.69
     329.000     299.23
     330.000     301.33
     331.000     299.89
     332.000     303.14
     333.000     298.31
     334.000     300.24
     335.000     300.85
     336.000     301.92
     337.000     299.63
     338.000     300.61
     339.000     297.92
     340.000     299.27
     341.000     298.23
     342.000     299.61
     343.000     302.68
     344.000     301.93
     345.000     297.02
     346.000     300.55
     347.000     300.39
     348.000     301.22
     349.000     300.10
     350.000     299.57
     351.000     297.46
     352.000     300.88
     353.000     298.95
     354.000     304.69
     355.000     302.23
     356.000     299.33
     357.000     298.30
     358.000     298.61
     359.000     302.50
     360.000     304.40
     361.000     298.77
     362.000     296.72
     363.000     303.07
     364.000     301.76
     365.000     298.19
     366.000     300.71
     367.000     297.38
     368.000     300.64
     369.000     299.94
     370.000     299.99
     371.000     300.69
     372.000     297.82
     373.000     303.47
     374.000     298.47
     375.000     298.60
     376.000     297.37
     377.000     301.00
     378.000     302.21
     379.000     302.18
     380.000     301.30
     381.000     297.14
     382.000     301.42
     383.000     294.45
     384.000     304.87
     385.000     298.40
     386.000     304.18
     387.000     302.15
     388.000     300.31
     389.000     302.27
     390.000     300.90
     391.000     301.99
     392.000     299.06
     393.000     300.13
     394.000     299.58
     395.000     296.24
     396.000     299.31
     397.000     299.19
     398.000     295.57
     399.000     299.10
     400.000     299.09
