       0.000           0.0000
       1.000         170.0779
       2.000         321.0539
       3.000         484.8434
       4.000         641.0286
       5.000         797.1996
       6.000         976.0273
       7.000        1137.1556
       8.000        1311.0442
       9.000        1461.3243
      10.000        1614.9712
      11.000        1785.0742
      12.000        1973.8533
      13.000        2146.8669
      14.000        2291.9822
      15.000        2437.2952
      16.000        2607.3127
      17.000        2737.3481
      18.000        2968.1184
      19.000        3100.4065
      20.000        3243.2078
      21.000        3325.6536
      22.000        3493.7400
      23.000        3540.7207
      24.000        3577.9954
      25.000        3692.9343
      26.000        3778.9880
      27.000        3863.2021
      28.000        3908.4434
      29.000        3992.3513
      30.000        4063.3320
      31.000        4177.4287
      32.000        4230.5679
      33.000        4343.5225
      34.000        4427.8638
      35.000        4505.1626
      36.000        4571.5283
      37.000        4623.1851
      38.000        4761.5347
      39.000        4863.3813
      40.000        4938.1489
      41.000        5021.2041
      42.000        5064.2891
      43.000        5163.3979
      44.000        5267.8271
      45.000        5415.7300
      46.000        5348.1523
      47.000        5576.3647
      48.000        5565.7456
      49.000        5633.3071
      50.000        5782.8115
      51.000        5828.0107
      52.000        5875.3750
      53.000        5931.9092
      54.000        6073.5605
      55.000        6140.8613
      56.000        6203.0005
      57.000        6303.8057
      58.000        6464.9536
      59.000        6489.8003
      60.000        6554.8994
      61.000        6456.2622
      62.000        6683.7388
      63.000        6668.4131
      64.000        6722.2402
      65.000        6713.9683
      66.000        6867.1934
      67.000        6764.7808
      68.000        6837.4219
      69.000        6899.5083
      70.000        7018.7476
      71.000        7175.4434
      72.000        7043.9263
      73.000        7213.4995
      74.000        7190.9795
      75.000        7151.5698
      76.000        7135.8374
      77.000        7236.2852
      78.000        7210.0093
      79.000        7233.9214
      80.000        7456.6729
      81.000        7432.4756
      82.000        7473.1162
      83.000        7419.2544
      84.000        7456.0171
      85.000        7648.7612
      86.000        7744.5078
      87.000        7561.6650
      88.000        7706.7412
      89.000        7745.3750
      90.000        7773.9634
      91.000        7854.8140
      92.000        7799.8906
      93.000        7746.8223
      94.000        8022.4575
      95.000        7964.6865
      96.000        7963.1938
      97.000        8066.1118
      98.000        8218.2842
      99.000        8106.8848
     100.000        8238.2500
     101.000        8288.7148
     102.000        8362.0000
     103.000        8272.0088
     104.000        8350.0791
     105.000        8400.1895
     106.000        8387.7490
     107.000        8422.1484
     108.000        8486.8115
     109.000        8506.1719
     110.000        8607.6572
     111.000        8680.2285
     112.000        8691.3662
     113.000        8660.7744
     114.000        8768.2900
     115.000        8818.4678
     116.000        8810.9346
     117.000        8936.3311
     118.000        8961.4150
     119.000        8866.0703
     120.000        8949.5762
     121.000        9095.3301
     122.000        9117.0430
     123.000        9068.6631
     124.000        9029.9580
     125.000        9152.8525
     126.000        9309.1934
     127.000        9344.6230
     128.000        9340.7207
     129.000        9311.6660
     130.000        9485.6396
     131.000        9479.5635
     132.000        9562.2500
     133.000        9528.7773
     134.000        9511.7822
     135.000        9512.4316
     136.000        9628.1943
     137.000        9685.8545
     138.000        9769.0283
     139.000        9696.7432
     140.000        9922.7246
     141.000        9839.2637
     142.000        9803.2012
     143.000        9824.0928
     144.000        9853.2607
     145.000        9726.8848
     146.000        9884.8936
     147.000        9912.2939
     148.000        9808.3389
     149.000       10035.0684
     150.000        9829.5068
     151.000        9883.1602
     152.000        9747.4502
     153.000        9926.0879
     154.000        9880.2441
     155.000        9666.2812
     156.000        9900.1396
     157.000        9940.5791
     158.000        9956.3047
     159.000        9908.0322
     160.000        9882.6309
     161.000        9898.3340
     162.000        9947.6641
     163.000        9946.0615
     164.000        9841.5771
     165.000        9848.7461
     166.000        9871.9541
     167.000        9855.2021
     168.000        9727.9873
     169.000        9844.9004
     170.000        9875.8525
     171.000        9863.0029
     172.000        9872.1807
     173.000        9943.0166
     174.000        9807.2510
     175.000        9975.7324
     176.000        9716.3281
     177.000        9820.6309
     178.000        9871.6611
     179.000        9899.7549
     180.000        9932.4297
     181.000        9783.7344
     182.000        9989.9941
     183.000        9821.7451
     184.000        9875.0938
     185.000        9757.8672
     186.000        9822.2939
     187.000        9868.1514
     188.000        9916.3379
     189.000        9804.1494
     190.000        9917.6777
     191.000        9843.4326
     192.000        9678.8662
     193.000        9866.3750
     194.000        9914.2051
     195.000        9811.1709
     196.000        9837.3340
     197.000        9773.4775
     198.000        9893.8701
     199.000       10047.9785
     200.000        9863.4746
     201.000        9876.7891
     202.000        9894.5664
     203.000        9907.8232
     204.000        9824.6807
     205.000        9787.9756
     206.000        9944.6807
     207.000        9769.2051
     208.000       10047.5391
     209.000        9841.6699
     210.000        9849.2441
     211.000        9795.7891
     212.000        9840.3252
     213.000        9882.9111
     214.000        9793.9619
     215.000        9827.8418
     216.000        9814.7285
     217.000        9809.8105
     218.000        9886.6777
     219.000        9850.8623
     220.000        9788.9336
     221.000        9946.7520
     222.000        9763.1104
     223.000        9936.1582
     224.000        9837.9023
     225.000        9859.2588
     226.000        9825.0664
     227.000        9863.9512
     228.000        9813.2510
     229.000        9700.7354
     230.000        9867.3926
     231.000        9827.3242
     232.000        9927.7568
     233.000        9777.7900
     234.000        9807.9219
     235.000       10011.8594
     236.000        9730.4316
     237.000        9799.6553
     238.000        9909.3301
     239.000        9876.8457
     240.000        9727.1299
     241.000        9875.7754
     242.000        9870.3242
     243.000        9811.2314
     244.000        9819.8457
     245.000        9794.2275
     246.000        9790.9863
     247.000        9738.5938
     248.000        9819.4629
     249.000        9984.5557
     250.000        9943.3594
     251.000        9969.0137
     252.000        9845.5889
     253.000        9838.9707
     254.000        9835.2090
     255.000        9893.5635
     256.000        9859.2617
     257.000        9794.7480
     258.000        9795.1123
     259.000        9801.3281
     260.000        9834.8350
     261.000        9813.2236
     262.000        9827.3301
     263.000        9803.9121
     264.000        9733.4795
     265.000        9780.7002
     266.000        9882.6328
     267.000        9873.9902
     268.000        9884.8154
     269.000        9851.8906
     270.000        9772.5752
     271.000        9805.9189
     272.000        9843.4834
     273.000        9874.3662
     274.000        9887.1465
     275.000        9899.1514
     276.000        9757.5420
     277.000        9866.1045
     278.000        9837.2891
     279.000        9836.7793
     280.000        9931.4561
     281.000        9817.4414
     282.000        9934.8750
     283.000        9903.4180
     284.000        9956.3877
     285.000        9903.0244
     286.000        9781.2334
     287.000        9771.2920
     288.000        9961.1602
     289.000        9867.4268
     290.000        9789.2480
     291.000        9992.5283
     292.000        9901.4951
     293.000        9878.3076
     294.000        9917.5322
     295.000        9864.5791
     296.000        9744.2959
     297.000        9855.4570
     298.000        9857.6240
     299.000        9747.1367
     300.000        9828.4668
     301.000        9986.9248
     302.000        9825.4873
     303.000        9877.7305
     304.000        9782.9092
     305.000        9980.4971
     306.000        9959.2471
     307.000        9858.6455
     308.000        9902.2754
     309.000        9746.8232
     310.000        9851.3408
     311.000        9991.0449
     312.000        9842.7549
     313.000        9800.4199
     314.000        9891.1787
     315.000        9758.6318
     316.000        9916.5830
     317.000        9746.7236
     318.000        9878.8076
     319.000        9871.7002
     320.000        9817.7051
     321.000        9884.2012
     322.000        9947.6885
     323.000        9865.1846
     324.000        9747.5977
     325.000        9954.2910
     326.000        9812.7881
     327.000        9857.7080
     328.000        9747.6289
     329.000        9930.2939
     330.000        9804.6123
     331.000        9794.4775
     332.000        9866.4463
     333.000        9749.3467
     334.000        9810.0361
     335.000        9810.1475
     336.000        9892.2773
     337.000        9811.5996
     338.000        9819.1338
     339.000        9771.9258
     340.000        9939.7744
     341.000        9879.7383
     342.000        9839.9473
     343.000        9915.0488
     344.000        9855.8203
     345.000        9762.7852
     346.000        9895.9814
     347.000        9953.1777
     348.000        9875.8838
     349.000        9840.6211
     350.000        9795.0117
     351.000        9956.2910
     352.000        9808.0186
     353.000        9867.5928
     354.000        9796.6289
     355.000        9847.2041
     356.000        9937.6104
     357.000        9836.3008
     358.000        9886.7666
     359.000        9820.9326
     360.000        9858.1182
     361.000        9831.3516
     362.000        9926.0020
     363.000        9900.1816
     364.000        9863.7637
     365.000        9744.4443
     366.000        9898.8643
     367.000        9847.9961
     368.000        9755.9658
     369.000        9845.5801
     370.000        9773.4102
     371.000        9960.5205
     372.000        9842.3486
     373.000        9711.0381
     374.000        9960.4453
     375.000        9815.8477
     376.000        9728.8975
     377.000        9670.3389
     378.000        9823.1201
     379.000        9848.2178
     380.000        9940.2158
     381.000        9777.8311
     382.000        9886.8135
     383.000        9837.9902
     384.000        9916.4941
     385.000        9863.9336
     386.000        9857.9277
     387.000        9919.4570
     388.000        9885.0957
     389.000        9880.9785
     390.000        9787.8271
     391.000        9839.1846
     392.000        9723.5254
     393.000        9825.3359
     394.000        9939.7021
     395.000       10002.0107
     396.000        9658.4795
     397.000        9810.4971
     398.000        9855.3125
     399.000        9778.0254
     400.000        9886.2607
