1			-6.3544E+04
5			-6.4247E+04
10			-6.5764E+04
15			-6.8325E+04
20			-7.2779E+04
25			-7.8887E+04
30			-8.4882E+04
35			-8.6840E+04
40			-8.7452E+04
45			-8.8357E+04
50			-8.8829E+04
55			-8.9303E+04
60			-8.9721E+04
65			-9.0093E+04
70			-9.0352E+04
75			-9.0653E+04
80			-9.0916E+04
85			-9.1263E+04
90			-9.1380E+04
95			-9.1597E+04
100			-9.1941E+04
105			-9.2113E+04
110			-9.2310E+04
115			-9.2494E+04
120			-9.2669E+04
125			-9.2836E+04
130			-9.2963E+04
135			-9.3111E+04
140			-9.3249E+04
145			-9.3377E+04
150			-9.3504E+04
155			-9.3632E+04
160			-9.3792E+04
165			-9.3843E+04
170			-9.3954E+04
175			-9.4132E+04
180			-9.4223E+04
185			-9.4327E+04
190			-9.4430E+04
195			-9.4525E+04
200			-9.4621E+04
205			-9.4669E+04
210			-9.5887E+04
215			-9.6392E+04
220			-9.6746E+04
225			-9.6956E+04
230			-9.6962E+04
235			-9.7149E+04
240			-9.7276E+04
245			-9.7463E+04
250			-9.7661E+04
255			-9.7667E+04
260			-9.7820E+04
265			-9.7892E+04
270			-9.8058E+04
275			-9.8303E+04
280			-9.8307E+04
285			-9.8474E+04
290			-9.8540E+04
295			-9.8654E+04
300			-9.8746E+04
305			-9.8749E+04
310			-9.8843E+04
315			-9.8917E+04
320			-9.8999E+04
325			-9.9109E+04
330			-9.9112E+04
335			-9.9216E+04
340			-9.9258E+04
345			-9.9364E+04
350			-9.9421E+04
355			-9.9424E+04
360			-9.9502E+04
365			-9.9566E+04
370			-9.9629E+04
375			-9.9698E+04
380			-9.9701E+04
385			-9.9777E+04
390			-9.9804E+04
395			-9.9918E+04
400			-9.9985E+04
405			-9.9987E+04
410			-1.0008E+05
415			-1.0014E+05
420			-1.0019E+05
425			-1.0024E+05
430			-1.0024E+05
435			-1.0030E+05
440			-1.0033E+05
445			-1.0041E+05
450			-1.0045E+05
455			-1.0045E+05
460			-1.0051E+05
465			-1.0056E+05
470			-1.0060E+05
475			-1.0064E+05
480			-1.0065E+05
485			-1.0070E+05
490			-1.0073E+05
495			-1.0079E+05
500			-1.0081E+05
505			-1.0082E+05
510			-1.0086E+05
515			-1.0089E+05
520			-1.0094E+05
525			-1.0098E+05
530			-1.0098E+05
535			-1.0103E+05
540			-1.0106E+05
545			-1.0110E+05
550			-1.0113E+05
555			-1.0113E+05
560			-1.0117E+05
565			-1.0120E+05
570			-1.0124E+05
575			-1.0128E+05
580			-1.0128E+05
585			-1.0132E+05
590			-1.0135E+05
595			-1.0139E+05
600			-1.0141E+05
605			-1.0142E+05
610			-1.0145E+05
615			-1.0147E+05
620			-1.0152E+05
625			-1.0154E+05
630			-1.0155E+05
635			-1.0159E+05
640			-1.0162E+05
645			-1.0164E+05
650			-1.0167E+05
655			-1.0167E+05
660			-1.0169E+05
665			-1.0171E+05
670			-1.0176E+05
675			-1.0178E+05
680			-1.0178E+05
685			-1.0182E+05
690			-1.0185E+05
695			-1.0187E+05
700			-1.0189E+05
705			-1.0189E+05
710			-1.0192E+05
715			-1.0193E+05
720			-1.0197E+05
725			-1.0199E+05
730			-1.0200E+05
735			-1.0203E+05
740			-1.0206E+05
745			-1.0208E+05
750			-1.0209E+05
755			-1.0210E+05
760			-1.0212E+05
765			-1.0214E+05
770			-1.0217E+05
775			-1.0221E+05
780			-1.0221E+05
785			-1.0223E+05
790			-1.0225E+05
795			-1.0227E+05
800			-1.0231E+05
805			-1.0231E+05
810			-1.0234E+05
815			-1.0236E+05
820			-1.0239E+05
825			-1.0240E+05
830			-1.0240E+05
835			-1.0242E+05
840			-1.0244E+05
845			-1.0246E+05
850			-1.0252E+05
855			-1.0253E+05
860			-1.0259E+05
865			-1.0260E+05
870			-1.0262E+05
875			-1.0263E+05
880			-1.0264E+05
885			-1.0265E+05
890			-1.0266E+05
895			-1.0269E+05
900			-1.0271E+05
905			-1.0271E+05
910			-1.0274E+05
915			-1.0276E+05
920			-1.0277E+05
925			-1.0278E+05
930			-1.0278E+05
935			-1.0279E+05
940			-1.0280E+05
945			-1.0283E+05
950			-1.0285E+05
955			-1.0285E+05
960			-1.0287E+05
965			-1.0289E+05
970			-1.0290E+05
975			-1.0291E+05
980			-1.0291E+05
985			-1.0292E+05
990			-1.0293E+05
995			-1.0298E+05
1000			-1.0302E+05
1000			-1.0302E+05
