       0.000           0.0000
       1.000         213.2744
       2.000         408.0667
       3.000         601.2993
       4.000         813.0242
       5.000        1019.4720
       6.000        1229.8497
       7.000        1428.7153
       8.000        1634.0542
       9.000        1827.8633
      10.000        2071.3621
      11.000        2271.7195
      12.000        2492.7036
      13.000        2681.3384
      14.000        2904.4082
      15.000        3124.4255
      16.000        3303.8977
      17.000        3545.4209
      18.000        3755.4883
      19.000        3877.3381
      20.000        4138.4419
      21.000        4242.7251
      22.000        4394.7471
      23.000        4488.4619
      24.000        4611.1899
      25.000        4664.7075
      26.000        4777.2773
      27.000        4849.6182
      28.000        4978.2690
      29.000        5033.7529
      30.000        5148.7500
      31.000        5288.7446
      32.000        5351.8008
      33.000        5431.3945
      34.000        5598.5200
      35.000        5690.0376
      36.000        5871.6021
      37.000        5853.8330
      38.000        5986.1157
      39.000        6082.7456
      40.000        6187.2207
      41.000        6351.0469
      42.000        6423.5146
      43.000        6505.7505
      44.000        6591.4258
      45.000        6680.7153
      46.000        6906.4883
      47.000        6900.3218
      48.000        7038.2534
      49.000        7216.5972
      50.000        7232.2593
      51.000        7316.8071
      52.000        7510.5830
      53.000        7640.1382
      54.000        7658.0576
      55.000        7730.0552
      56.000        7758.5327
      57.000        7958.3003
      58.000        8066.7192
      59.000        8176.4634
      60.000        8305.8057
      61.000        8338.4629
      62.000        8469.4404
      63.000        8518.0391
      64.000        8579.6377
      65.000        8515.9980
      66.000        8576.8066
      67.000        8657.3506
      68.000        8749.1562
      69.000        8783.3564
      70.000        8797.1357
      71.000        8922.1885
      72.000        8882.9209
      73.000        9006.5195
      74.000        8983.6738
      75.000        9065.8057
      76.000        9115.5088
      77.000        9170.0742
      78.000        9249.8555
      79.000        9287.6348
      80.000        9294.4150
      81.000        9252.9746
      82.000        9398.5830
      83.000        9401.1182
      84.000        9466.9756
      85.000        9618.0674
      86.000        9671.2510
      87.000        9630.1299
      88.000        9742.4658
      89.000        9715.4541
      90.000        9803.0312
      91.000        9842.2656
      92.000       10001.3281
      93.000       10087.2109
      94.000       10005.1660
      95.000       10104.2109
      96.000       10356.3477
      97.000       10113.9297
      98.000       10227.5801
      99.000       10481.4541
     100.000       10378.7871
     101.000       10479.8408
     102.000       10518.2451
     103.000       10416.6006
     104.000       10465.0771
     105.000       10718.7949
     106.000       10653.4258
     107.000       10694.9268
     108.000       10665.8613
     109.000       10736.7031
     110.000       10742.5537
     111.000       11048.1113
     112.000       11027.6279
     113.000       11072.1846
     114.000       11102.7422
     115.000       11065.3623
     116.000       11253.9531
     117.000       11235.4180
     118.000       11254.4697
     119.000       11213.1318
     120.000       11467.1016
     121.000       11372.5791
     122.000       11466.8145
     123.000       11589.4043
     124.000       11659.5166
     125.000       11521.2930
     126.000       11720.4619
     127.000       11757.9170
     128.000       11742.3789
     129.000       11884.0000
     130.000       12139.3740
     131.000       11996.5127
     132.000       12074.3174
     133.000       11999.1162
     134.000       12118.9395
     135.000       12376.8662
     136.000       12122.1367
     137.000       12410.9326
     138.000       12274.7998
     139.000       12330.9551
     140.000       12620.4980
     141.000       12513.8486
     142.000       12486.9053
     143.000       12386.8936
     144.000       12418.5479
     145.000       12538.0859
     146.000       12432.3174
     147.000       12466.3818
     148.000       12484.5918
     149.000       12343.7949
     150.000       12467.3281
     151.000       12427.5518
     152.000       12343.9258
     153.000       12302.9512
     154.000       12454.0654
     155.000       12491.1348
     156.000       12596.6426
     157.000       12492.4561
     158.000       12396.1406
     159.000       12455.4316
     160.000       12451.7139
     161.000       12556.9902
     162.000       12439.1914
     163.000       12404.3486
     164.000       12259.9736
     165.000       12418.7246
     166.000       12512.5684
     167.000       12440.8516
     168.000       12446.4863
     169.000       12565.2754
     170.000       12596.0732
     171.000       12604.8066
     172.000       12538.8672
     173.000       12629.5840
     174.000       12397.8623
     175.000       12557.9355
     176.000       12662.3320
     177.000       12511.7842
     178.000       12540.4434
     179.000       12459.4121
     180.000       12351.6777
     181.000       12444.8877
     182.000       12472.3086
     183.000       12551.3887
     184.000       12458.6855
     185.000       12286.4990
     186.000       12441.9365
     187.000       12543.7256
     188.000       12430.6250
     189.000       12418.4521
     190.000       12504.4746
     191.000       12348.4219
     192.000       12566.2480
     193.000       12566.0098
     194.000       12499.5137
     195.000       12529.7705
     196.000       12499.6992
     197.000       12333.8438
     198.000       12461.4941
     199.000       12571.4893
     200.000       12618.4551
     201.000       12448.3057
     202.000       12446.0000
     203.000       12408.6016
     204.000       12351.9375
     205.000       12491.1768
     206.000       12315.4941
     207.000       12493.4854
     208.000       12375.5059
     209.000       12302.7256
     210.000       12426.1201
     211.000       12367.1172
     212.000       12440.4609
     213.000       12414.7686
     214.000       12661.2812
     215.000       12413.4912
     216.000       12333.3975
     217.000       12424.5576
     218.000       12254.5410
     219.000       12539.0664
     220.000       12580.8193
     221.000       12447.5596
     222.000       12402.1924
     223.000       12322.7334
     224.000       12522.9795
     225.000       12348.6846
     226.000       12511.0186
     227.000       12556.3242
     228.000       12491.4277
     229.000       12472.8828
     230.000       12425.7949
     231.000       12452.4121
     232.000       12562.5654
     233.000       12477.2783
     234.000       12390.0791
     235.000       12537.6680
     236.000       12385.9512
     237.000       12523.5811
     238.000       12477.2393
     239.000       12283.5723
     240.000       12370.4033
     241.000       12279.8164
     242.000       12459.1553
     243.000       12450.1260
     244.000       12395.2314
     245.000       12375.3916
     246.000       12609.1846
     247.000       12451.1719
     248.000       12478.8027
     249.000       12559.8057
     250.000       12426.0615
     251.000       12526.0098
     252.000       12373.8555
     253.000       12387.0205
     254.000       12636.1719
     255.000       12468.7363
     256.000       12466.6885
     257.000       12388.6016
     258.000       12292.1172
     259.000       12395.0391
     260.000       12387.4512
     261.000       12375.1270
     262.000       12374.1494
     263.000       12472.4482
     264.000       12505.3145
     265.000       12369.7559
     266.000       12478.6045
     267.000       12253.2119
     268.000       12409.4453
     269.000       12337.8984
     270.000       12516.0430
     271.000       12486.3066
     272.000       12516.8633
     273.000       12318.4814
     274.000       12628.8203
     275.000       12423.5303
     276.000       12563.7021
     277.000       12417.7734
     278.000       12339.1143
     279.000       12337.8213
     280.000       12458.1367
     281.000       12387.7236
     282.000       12487.5039
     283.000       12339.1514
     284.000       12495.4766
     285.000       12414.7998
     286.000       12408.6299
     287.000       12439.9102
     288.000       12436.5391
     289.000       12397.3066
     290.000       12569.9912
     291.000       12349.1807
     292.000       12340.2705
     293.000       12579.6250
     294.000       12445.3877
     295.000       12420.3682
     296.000       12570.0537
     297.000       12341.6406
     298.000       12439.6357
     299.000       12596.8203
     300.000       12375.2070
     301.000       12547.6797
     302.000       12409.1582
     303.000       12454.6348
     304.000       12531.1611
     305.000       12231.1309
     306.000       12635.5254
     307.000       12263.6172
     308.000       12424.2861
     309.000       12432.1777
     310.000       12326.7217
     311.000       12304.0264
     312.000       12471.0693
     313.000       12447.0996
     314.000       12315.3809
     315.000       12326.6914
     316.000       12392.3047
     317.000       12428.4043
     318.000       12364.9102
     319.000       12561.4658
     320.000       12392.1035
     321.000       12646.9170
     322.000       12508.3965
     323.000       12329.1162
     324.000       12467.9502
     325.000       12489.6963
     326.000       12615.6855
     327.000       12411.7812
     328.000       12472.8203
     329.000       12660.7383
     330.000       12595.2080
     331.000       12451.7744
     332.000       12484.0918
     333.000       12539.7998
     334.000       12418.4688
     335.000       12509.7881
     336.000       12436.4941
     337.000       12328.1953
     338.000       12523.6152
     339.000       12476.7266
     340.000       12545.8447
     341.000       12522.4834
     342.000       12485.4492
     343.000       12399.7012
     344.000       12461.8516
     345.000       12512.1162
     346.000       12471.1514
     347.000       12470.1172
     348.000       12468.7900
     349.000       12489.0312
     350.000       12473.6592
     351.000       12558.3760
     352.000       12427.7568
     353.000       12274.8789
     354.000       12555.9102
     355.000       12430.3311
     356.000       12629.0117
     357.000       12421.8877
     358.000       12407.8379
     359.000       12517.3291
     360.000       12509.0156
     361.000       12406.7529
     362.000       12261.7725
     363.000       12429.7578
     364.000       12463.1445
     365.000       12436.4375
     366.000       12651.3584
     367.000       12634.0195
     368.000       12343.5664
     369.000       12475.3203
     370.000       12571.4355
     371.000       12440.1426
     372.000       12525.2529
     373.000       12490.2842
     374.000       12318.1855
     375.000       12457.4590
     376.000       12563.4014
     377.000       12440.7871
     378.000       12290.8457
     379.000       12492.0908
     380.000       12478.4932
     381.000       12537.3262
     382.000       12359.2422
     383.000       12472.0732
     384.000       12361.9238
     385.000       12498.5107
     386.000       12449.7773
     387.000       12351.0176
     388.000       12433.7480
     389.000       12437.1104
     390.000       12437.4355
     391.000       12468.9219
     392.000       12409.0830
     393.000       12493.7168
     394.000       12440.0791
     395.000       12394.9648
     396.000       12385.1924
     397.000       12386.9609
     398.000       12364.6514
     399.000       12398.4785
     400.000       12370.1318
