       0.000     -125060.4504
       1.000      -89030.7078
       2.000      -89127.6327
       3.000      -89132.7955
       4.000      -89033.1988
       5.000      -88927.9857
       6.000      -88791.3584
       7.000      -88658.3316
       8.000      -88524.7473
       9.000      -88393.7743
      10.000      -88231.9474
      11.000      -88111.2335
      12.000      -87961.2998
      13.000      -87802.6906
      14.000      -87612.2089
      15.000      -87433.0260
      16.000      -87273.1893
      17.000      -87131.7525
      18.000      -86978.5462
      19.000      -86795.2487
      20.000      -86580.2116
      21.000      -86471.0253
      22.000      -86431.7630
      23.000      -86413.5021
      24.000      -86381.0733
      25.000      -86341.5193
      26.000      -86310.1629
      27.000      -86200.0092
      28.000      -86085.4239
      29.000      -86039.2393
      30.000      -85970.5288
      31.000      -85919.4599
      32.000      -85845.0930
      33.000      -85816.6963
      34.000      -85742.6733
      35.000      -85600.0754
      36.000      -85435.5968
      37.000      -85485.1213
      38.000      -85394.1786
      39.000      -85207.3677
      40.000      -85158.2263
      41.000      -85069.5144
      42.000      -85065.2404
      43.000      -84973.5436
      44.000      -84852.6278
      45.000      -84935.2127
      46.000      -84650.3236
      47.000      -84612.3051
      48.000      -84491.6183
      49.000      -84505.9769
      50.000      -84395.6235
      51.000      -84124.2684
      52.000      -84203.3384
      53.000      -84044.0907
      54.000      -83984.5610
      55.000      -83875.5701
      56.000      -83762.3694
      57.000      -83596.6572
      58.000      -83523.1253
      59.000      -83458.7568
      60.000      -83420.5297
      61.000      -83240.5249
      62.000      -83376.5077
      63.000      -83160.4348
      64.000      -83217.6068
      65.000      -83080.1992
      66.000      -83108.3539
      67.000      -83081.3757
      68.000      -83081.6709
      69.000      -82887.0155
      70.000      -83043.6089
      71.000      -82870.6294
      72.000      -82911.8718
      73.000      -82904.0208
      74.000      -82787.3545
      75.000      -82736.9885
      76.000      -82804.9902
      77.000      -82569.4416
      78.000      -82581.7706
      79.000      -82647.5588
      80.000      -82463.5629
      81.000      -82394.1162
      82.000      -82399.9948
      83.000      -82368.5461
      84.000      -82320.8657
      85.000      -82093.6280
      86.000      -82003.1555
      87.000      -82052.9923
      88.000      -81994.6819
      89.000      -81864.3091
      90.000      -81922.5242
      91.000      -81913.7421
      92.000      -81728.6743
      93.000      -81758.3694
      94.000      -81535.2121
      95.000      -81638.5589
      96.000      -81461.8149
      97.000      -81538.2269
      98.000      -81302.4114
      99.000      -81229.2949
     100.000      -81114.8843
     101.000      -81030.9200
     102.000      -81012.9738
     103.000      -80837.9592
     104.000      -80955.4710
     105.000      -80662.4211
     106.000      -80585.4337
     107.000      -80338.0428
     108.000      -80462.1212
     109.000      -80521.7708
     110.000      -80277.1739
     111.000      -80334.9311
     112.000      -80026.3065
     113.000      -79912.6723
     114.000      -79865.0658
     115.000      -79902.2835
     116.000      -79543.6420
     117.000      -79447.1173
     118.000      -79471.1625
     119.000      -79315.7679
     120.000      -79199.5585
     121.000      -78996.1920
     122.000      -79004.1140
     123.000      -79051.2344
     124.000      -78631.0117
     125.000      -78693.8694
     126.000      -78488.8751
     127.000      -78344.8865
     128.000      -78297.8601
     129.000      -78169.3287
     130.000      -78011.6069
     131.000      -77942.3424
     132.000      -77621.8102
     133.000      -77497.5215
     134.000      -77314.2333
     135.000      -77214.7028
     136.000      -76881.6412
     137.000      -76803.5398
     138.000      -76681.2462
     139.000      -76676.9456
     140.000      -76336.1563
     141.000      -76155.5474
     142.000      -76284.8571
     143.000      -76179.3589
     144.000      -76021.4279
     145.000      -75968.5735
     146.000      -75990.6035
     147.000      -76092.9488
     148.000      -75919.6769
     149.000      -75720.5237
     150.000      -75931.9731
     151.000      -75742.4660
     152.000      -75752.0811
     153.000      -75966.2704
     154.000      -75931.9931
     155.000      -76103.2951
     156.000      -76015.8189
     157.000      -75924.8883
     158.000      -75907.9639
     159.000      -75931.5505
     160.000      -75878.1886
     161.000      -75872.1772
     162.000      -76062.5505
     163.000      -76130.4548
     164.000      -76065.7732
     165.000      -76055.2549
     166.000      -75907.1676
     167.000      -75960.3722
     168.000      -76057.2458
     169.000      -75840.7532
     170.000      -75899.3869
     171.000      -75977.2130
     172.000      -76149.5841
     173.000      -76005.2253
     174.000      -75936.5241
     175.000      -76117.0372
     176.000      -76231.3035
     177.000      -75734.4932
     178.000      -76097.0965
     179.000      -75964.8231
     180.000      -76071.0037
     181.000      -75890.1132
     182.000      -75998.9692
     183.000      -75936.5944
     184.000      -76116.0886
     185.000      -76048.5952
     186.000      -76285.3627
     187.000      -76055.3167
     188.000      -76338.3936
     189.000      -76180.8209
     190.000      -75853.5330
     191.000      -76065.2813
     192.000      -76063.2244
     193.000      -76244.5095
     194.000      -76107.3214
     195.000      -76123.6299
     196.000      -76072.2493
     197.000      -76220.0385
     198.000      -76207.4466
     199.000      -76342.6685
     200.000      -76027.5993
     201.000      -76059.0165
     202.000      -76252.9994
     203.000      -76277.8705
     204.000      -76215.0465
     205.000      -76348.8034
     206.000      -76160.1405
     207.000      -76189.0759
     208.000      -76304.1879
     209.000      -76232.4920
     210.000      -76421.6334
     211.000      -76620.4019
     212.000      -76607.1427
     213.000      -76340.7377
     214.000      -76390.0331
     215.000      -76548.1260
     216.000      -76554.9325
     217.000      -76216.1832
     218.000      -76352.3249
     219.000      -76443.6326
     220.000      -76484.1030
     221.000      -76256.4438
     222.000      -76123.3452
     223.000      -76371.4202
     224.000      -76200.1008
     225.000      -76555.6922
     226.000      -76420.0045
     227.000      -76514.5990
     228.000      -76344.3670
     229.000      -76292.7205
     230.000      -76207.7962
     231.000      -76379.4629
     232.000      -76260.9347
     233.000      -76712.2895
     234.000      -76313.6373
     235.000      -76611.7355
     236.000      -76357.9827
     237.000      -76472.3352
     238.000      -76549.7710
     239.000      -76669.3669
     240.000      -76192.6587
     241.000      -76404.0907
     242.000      -76432.0953
     243.000      -76268.3122
     244.000      -76554.8221
     245.000      -76609.8002
     246.000      -76701.2140
     247.000      -76741.5242
     248.000      -76625.7282
     249.000      -76609.2774
     250.000      -76565.0629
     251.000      -76427.2294
     252.000      -76437.0505
     253.000      -76550.1229
     254.000      -76477.3972
     255.000      -76556.9988
     256.000      -76555.0841
     257.000      -76529.3180
     258.000      -76427.6753
     259.000      -76804.3751
     260.000      -76562.2058
     261.000      -76581.4236
     262.000      -76655.8340
     263.000      -76540.0210
     264.000      -76734.1629
     265.000      -76639.7927
     266.000      -76638.6064
     267.000      -76637.6979
     268.000      -76429.1241
     269.000      -76528.0591
     270.000      -76761.0674
     271.000      -76630.0522
     272.000      -76524.1775
     273.000      -76354.2274
     274.000      -76483.4364
     275.000      -76548.6195
     276.000      -76231.6071
     277.000      -76361.2696
     278.000      -76395.2930
     279.000      -76570.7595
     280.000      -76517.6118
     281.000      -76258.9704
     282.000      -76316.8815
     283.000      -76557.1449
     284.000      -76733.7247
     285.000      -76774.9392
     286.000      -76637.3301
     287.000      -76462.5599
     288.000      -76505.1530
     289.000      -76385.1642
     290.000      -76502.4096
     291.000      -76606.9889
     292.000      -76497.9081
     293.000      -76619.5233
     294.000      -76441.4321
     295.000      -76520.0273
     296.000      -76771.3909
     297.000      -76445.2406
     298.000      -76642.1334
     299.000      -76543.0776
     300.000      -76703.6467
     301.000      -76864.5005
     302.000      -76839.3000
     303.000      -76914.1050
     304.000      -76762.8365
     305.000      -76776.6122
     306.000      -76763.5730
     307.000      -76767.2343
     308.000      -76539.2429
     309.000      -76649.8471
     310.000      -76639.1029
     311.000      -76738.2524
     312.000      -76667.2893
     313.000      -76367.4605
     314.000      -76427.3530
     315.000      -76653.9913
     316.000      -76710.8642
     317.000      -76686.6774
     318.000      -76384.4146
     319.000      -76528.8198
     320.000      -76494.4997
     321.000      -76644.9665
     322.000      -76772.3096
     323.000      -76701.6607
     324.000      -76706.0345
     325.000      -76710.2523
     326.000      -76480.3348
     327.000      -76479.6460
     328.000      -76464.1921
     329.000      -76662.3867
     330.000      -76518.9364
     331.000      -76816.1143
     332.000      -76712.9288
     333.000      -76807.6225
     334.000      -76844.0115
     335.000      -76936.5276
     336.000      -76675.0396
     337.000      -76664.2054
     338.000      -76653.4180
     339.000      -76817.1533
     340.000      -76788.5404
     341.000      -76574.0210
     342.000      -76582.7874
     343.000      -76817.0232
     344.000      -76833.5845
     345.000      -76643.3043
     346.000      -76534.5574
     347.000      -76725.3683
     348.000      -76760.7750
     349.000      -76565.2522
     350.000      -76639.6100
     351.000      -76767.9458
     352.000      -76553.7045
     353.000      -76694.3312
     354.000      -76802.2219
     355.000      -76704.5049
     356.000      -76772.4510
     357.000      -76785.1468
     358.000      -76674.9799
     359.000      -76595.0163
     360.000      -76781.2424
     361.000      -76667.9748
     362.000      -76737.0351
     363.000      -76680.7907
     364.000      -76648.2347
     365.000      -76333.1693
     366.000      -76717.0614
     367.000      -76687.5182
     368.000      -76645.4311
     369.000      -76748.9292
     370.000      -76458.7952
     371.000      -76620.7182
     372.000      -76795.2586
     373.000      -76633.0735
     374.000      -76578.1222
     375.000      -76643.1837
     376.000      -76663.7073
     377.000      -76753.2848
     378.000      -76446.8812
     379.000      -76600.0063
     380.000      -76481.2228
     381.000      -76602.1315
     382.000      -76464.6126
     383.000      -76575.6796
     384.000      -76546.2660
     385.000      -76522.8517
     386.000      -76493.6922
     387.000      -76600.9738
     388.000      -76664.4896
     389.000      -76627.9389
     390.000      -76510.8037
     391.000      -76783.1718
     392.000      -76524.4622
     393.000      -76538.2644
     394.000      -76494.6482
     395.000      -76735.2262
     396.000      -76799.0544
     397.000      -76615.5219
     398.000      -76624.6110
     399.000      -76760.8671
     400.000      -76471.6779
