       0.000     -125060.4504
       1.000      -88817.4335
       2.000      -88719.5660
       3.000      -88531.4962
       4.000      -88220.1746
       5.000      -87908.5137
       6.000      -87561.5087
       7.000      -87229.6163
       8.000      -86890.6931
       9.000      -86565.9110
      10.000      -86160.5853
      11.000      -85839.5141
      12.000      -85468.5962
      13.000      -85121.3522
      14.000      -84707.8007
      15.000      -84308.6004
      16.000      -83969.2916
      17.000      -83586.3316
      18.000      -83223.0579
      19.000      -82917.9106
      20.000      -82441.7697
      21.000      -82228.3002
      22.000      -82037.0160
      23.000      -81925.0402
      24.000      -81769.8833
      25.000      -81676.8118
      26.000      -81532.8855
      27.000      -81350.3910
      28.000      -81107.1549
      29.000      -81005.4863
      30.000      -80821.7788
      31.000      -80630.7153
      32.000      -80493.2922
      33.000      -80385.3018
      34.000      -80144.1533
      35.000      -79910.0378
      36.000      -79563.9947
      37.000      -79631.2883
      38.000      -79408.0629
      39.000      -79124.6221
      40.000      -78971.0056
      41.000      -78718.4675
      42.000      -78641.7257
      43.000      -78467.7931
      44.000      -78261.2020
      45.000      -78254.4974
      46.000      -77743.8354
      47.000      -77711.9834
      48.000      -77453.3649
      49.000      -77289.3797
      50.000      -77163.3642
      51.000      -76807.4613
      52.000      -76692.7554
      53.000      -76403.9526
      54.000      -76326.5034
      55.000      -76145.5149
      56.000      -76003.8367
      57.000      -75638.3569
      58.000      -75456.4061
      59.000      -75282.2934
      60.000      -75114.7240
      61.000      -74902.0621
      62.000      -74907.0673
      63.000      -74642.3957
      64.000      -74637.9691
      65.000      -74564.2012
      66.000      -74531.5472
      67.000      -74424.0251
      68.000      -74332.5147
      69.000      -74103.6591
      70.000      -74246.4732
      71.000      -73948.4409
      72.000      -74028.9509
      73.000      -73897.5013
      74.000      -73803.6807
      75.000      -73671.1828
      76.000      -73689.4814
      77.000      -73399.3674
      78.000      -73331.9152
      79.000      -73359.9241
      80.000      -73169.1478
      81.000      -73141.1415
      82.000      -73001.4118
      83.000      -72967.4279
      84.000      -72853.8901
      85.000      -72475.5606
      86.000      -72331.9045
      87.000      -72422.8624
      88.000      -72252.2161
      89.000      -72148.8550
      90.000      -72119.4929
      91.000      -72071.4765
      92.000      -71727.3462
      93.000      -71671.1585
      94.000      -71530.0461
      95.000      -71534.3480
      96.000      -71105.4673
      97.000      -71424.2972
      98.000      -71074.8313
      99.000      -70747.8408
     100.000      -70736.0971
     101.000      -70551.0792
     102.000      -70494.7287
     103.000      -70421.3586
     104.000      -70490.3939
     105.000      -69943.6262
     106.000      -69932.0079
     107.000      -69643.1160
     108.000      -69796.2599
     109.000      -69785.0677
     110.000      -69534.6202
     111.000      -69286.8198
     112.000      -68998.6785
     113.000      -68840.4877
     114.000      -68762.3236
     115.000      -68836.9212
     116.000      -68289.6889
     117.000      -68211.6994
     118.000      -68216.6928
     119.000      -68102.6361
     120.000      -67732.4569
     121.000      -67623.6129
     122.000      -67537.2996
     123.000      -67461.8302
     124.000      -66971.4951
     125.000      -67172.5765
     126.000      -66768.4131
     127.000      -66586.9695
     128.000      -66555.4812
     129.000      -66285.3287
     130.000      -65872.2329
     131.000      -65945.8297
     132.000      -65547.4928
     133.000      -65498.4052
     134.000      -65195.2938
     135.000      -64837.8366
     136.000      -64759.5045
     137.000      -64392.6072
     138.000      -64406.4464
     139.000      -64345.9905
     140.000      -63715.6582
     141.000      -63641.6988
     142.000      -63797.9518
     143.000      -63792.4654
     144.000      -63602.8800
     145.000      -63430.4876
     146.000      -63558.2861
     147.000      -63626.5670
     148.000      -63435.0851
     149.000      -63376.7288
     150.000      -63464.6450
     151.000      -63314.9143
     152.000      -63408.1554
     153.000      -63663.3192
     154.000      -63477.9277
     155.000      -63612.1604
     156.000      -63419.1763
     157.000      -63432.4322
     158.000      -63511.8233
     159.000      -63476.1188
     160.000      -63426.4748
     161.000      -63315.1869
     162.000      -63623.3591
     163.000      -63726.1062
     164.000      -63805.7996
     165.000      -63636.5303
     166.000      -63394.5993
     167.000      -63519.5207
     168.000      -63610.7595
     169.000      -63275.4778
     170.000      -63303.3136
     171.000      -63372.4063
     172.000      -63610.7169
     173.000      -63375.6413
     174.000      -63538.6618
     175.000      -63559.1016
     176.000      -63568.9714
     177.000      -63222.7090
     178.000      -63556.6531
     179.000      -63505.4110
     180.000      -63719.3260
     181.000      -63445.2255
     182.000      -63526.6606
     183.000      -63385.2058
     184.000      -63657.4031
     185.000      -63762.0961
     186.000      -63843.4262
     187.000      -63511.5911
     188.000      -63907.7686
     189.000      -63762.3687
     190.000      -63349.0584
     191.000      -63716.8594
     192.000      -63496.9764
     193.000      -63678.4997
     194.000      -63607.8078
     195.000      -63593.8594
     196.000      -63572.5500
     197.000      -63886.1948
     198.000      -63745.9525
     199.000      -63771.1793
     200.000      -63409.1443
     201.000      -63610.7108
     202.000      -63806.9994
     203.000      -63869.2689
     204.000      -63863.1090
     205.000      -63857.6266
     206.000      -63844.6463
     207.000      -63695.5906
     208.000      -63928.6821
     209.000      -63929.7664
     210.000      -63995.5133
     211.000      -64253.2847
     212.000      -64166.6817
     213.000      -63925.9691
     214.000      -63728.7519
     215.000      -64134.6348
     216.000      -64221.5350
     217.000      -63791.6256
     218.000      -64097.7839
     219.000      -63904.5662
     220.000      -63903.2836
     221.000      -63808.8842
     222.000      -63721.1528
     223.000      -64048.6868
     224.000      -63677.1213
     225.000      -64207.0076
     226.000      -63908.9860
     227.000      -63958.2748
     228.000      -63852.9393
     229.000      -63819.8377
     230.000      -63782.0013
     231.000      -63927.0508
     232.000      -63698.3693
     233.000      -64235.0112
     234.000      -63923.5582
     235.000      -64074.0676
     236.000      -63972.0315
     237.000      -63948.7541
     238.000      -64072.5317
     239.000      -64385.7946
     240.000      -63822.2554
     241.000      -64124.2743
     242.000      -63972.9400
     243.000      -63818.1862
     244.000      -64159.5907
     245.000      -64234.4086
     246.000      -64092.0294
     247.000      -64290.3523
     248.000      -64146.9255
     249.000      -64049.4717
     250.000      -64139.0014
     251.000      -63901.2197
     252.000      -64063.1950
     253.000      -64163.1024
     254.000      -63841.2253
     255.000      -64088.2624
     256.000      -64088.3956
     257.000      -64140.7164
     258.000      -64135.5582
     259.000      -64409.3361
     260.000      -64174.7547
     261.000      -64206.2966
     262.000      -64281.6846
     263.000      -64067.5728
     264.000      -64228.8484
     265.000      -64270.0369
     266.000      -64160.0019
     267.000      -64384.4859
     268.000      -64019.6788
     269.000      -64190.1607
     270.000      -64245.0244
     271.000      -64143.7456
     272.000      -64007.3142
     273.000      -64035.7460
     274.000      -63854.6161
     275.000      -64125.0893
     276.000      -63667.9050
     277.000      -63943.4962
     278.000      -64056.1788
     279.000      -64232.9382
     280.000      -64059.4751
     281.000      -63871.2468
     282.000      -63829.3776
     283.000      -64217.9935
     284.000      -64238.2481
     285.000      -64360.1394
     286.000      -64228.7003
     287.000      -64022.6497
     288.000      -64068.6139
     289.000      -63987.8576
     290.000      -63932.4184
     291.000      -64257.8082
     292.000      -64157.6376
     293.000      -64039.8983
     294.000      -63996.0444
     295.000      -64099.6591
     296.000      -64201.3372
     297.000      -64103.6000
     298.000      -64202.4976
     299.000      -63946.2573
     300.000      -64328.4396
     301.000      -64316.8208
     302.000      -64430.1418
     303.000      -64459.4702
     304.000      -64231.6754
     305.000      -64545.4814
     306.000      -64128.0476
     307.000      -64503.6171
     308.000      -64114.9568
     309.000      -64217.6694
     310.000      -64312.3812
     311.000      -64434.2260
     312.000      -64196.2199
     313.000      -63920.3609
     314.000      -64111.9722
     315.000      -64327.2999
     316.000      -64318.5595
     317.000      -64258.2731
     318.000      -64019.5044
     319.000      -63967.3539
     320.000      -64102.3962
     321.000      -63998.0495
     322.000      -64263.9132
     323.000      -64372.5445
     324.000      -64238.0843
     325.000      -64220.5560
     326.000      -63864.6493
     327.000      -64067.8648
     328.000      -63991.3718
     329.000      -64001.6484
     330.000      -63923.7284
     331.000      -64364.3399
     332.000      -64228.8370
     333.000      -64267.8227
     334.000      -64425.5428
     335.000      -64426.7395
     336.000      -64238.5455
     337.000      -64336.0101
     338.000      -64129.8027
     339.000      -64340.4267
     340.000      -64242.6956
     341.000      -64051.5376
     342.000      -64097.3382
     343.000      -64417.3221
     344.000      -64371.7329
     345.000      -64131.1881
     346.000      -64063.4061
     347.000      -64255.2511
     348.000      -64291.9849
     349.000      -64076.2209
     350.000      -64165.9508
     351.000      -64209.5698
     352.000      -64125.9477
     353.000      -64419.4523
     354.000      -64246.3118
     355.000      -64274.1738
     356.000      -64143.4393
     357.000      -64363.2591
     358.000      -64267.1420
     359.000      -64077.6872
     360.000      -64272.2267
     361.000      -64261.2219
     362.000      -64475.2626
     363.000      -64251.0328
     364.000      -64185.0901
     365.000      -63896.7318
     366.000      -64065.7030
     367.000      -64053.4987
     368.000      -64301.8647
     369.000      -64273.6089
     370.000      -63887.3597
     371.000      -64180.5757
     372.000      -64270.0057
     373.000      -64142.7893
     374.000      -64259.9367
     375.000      -64185.7247
     376.000      -64100.3059
     377.000      -64312.4977
     378.000      -64156.0355
     379.000      -64107.9155
     380.000      -64002.7297
     381.000      -64064.8053
     382.000      -64105.3704
     383.000      -64103.6064
     384.000      -64184.3422
     385.000      -64024.3410
     386.000      -64043.9149
     387.000      -64249.9563
     388.000      -64230.7416
     389.000      -64190.8285
     390.000      -64073.3682
     391.000      -64314.2499
     392.000      -64115.3792
     393.000      -64044.5476
     394.000      -64054.5691
     395.000      -64340.2613
     396.000      -64413.8620
     397.000      -64228.5609
     398.000      -64259.9596
     399.000      -64362.3886
     400.000      -64101.5461
