       0.000      -97598.3867
       1.000      -69928.5177
       2.000      -70080.2948
       3.000      -70030.6293
       4.000      -69962.6836
       5.000      -69848.6588
       6.000      -69761.7168
       7.000      -69665.8784
       8.000      -69565.0766
       9.000      -69496.7650
      10.000      -69385.1769
      11.000      -69230.6913
      12.000      -69170.1566
      13.000      -69072.8855
      14.000      -68949.5168
      15.000      -68831.0063
      16.000      -68739.4583
      17.000      -68583.4441
      18.000      -68392.5824
      19.000      -68285.6856
      20.000      -68144.2306
      21.000      -68125.9215
      22.000      -68100.0406
      23.000      -68058.2038
      24.000      -67909.9405
      25.000      -67938.8120
      26.000      -67838.9829
      27.000      -67811.4834
      28.000      -67712.8412
      29.000      -67684.9366
      30.000      -67663.2341
      31.000      -67555.6064
      32.000      -67475.3904
      33.000      -67526.5992
      34.000      -67455.8249
      35.000      -67338.8470
      36.000      -67277.0898
      37.000      -67186.9655
      38.000      -67085.5127
      39.000      -66992.9741
      40.000      -66974.2888
      41.000      -66935.7737
      42.000      -66898.9773
      43.000      -66706.4698
      44.000      -66753.5563
      45.000      -66726.4570
      46.000      -66658.3694
      47.000      -66521.5469
      48.000      -66409.9516
      49.000      -66426.9340
      50.000      -66300.8437
      51.000      -66304.5828
      52.000      -66187.9488
      53.000      -66157.5798
      54.000      -66004.8132
      55.000      -65939.6868
      56.000      -65829.1496
      57.000      -65903.0801
      58.000      -65656.4853
      59.000      -65681.2018
      60.000      -65572.7008
      61.000      -65500.2022
      62.000      -65485.0082
      63.000      -65500.5769
      64.000      -65517.8458
      65.000      -65388.8144
      66.000      -65407.9079
      67.000      -65357.0155
      68.000      -65307.0886
      69.000      -65283.8082
      70.000      -65254.4994
      71.000      -65230.9160
      72.000      -65215.6351
      73.000      -65188.2926
      74.000      -65133.0944
      75.000      -65212.7528
      76.000      -65116.7688
      77.000      -64969.0273
      78.000      -65004.3481
      79.000      -64944.4316
      80.000      -64851.3516
      81.000      -64876.5791
      82.000      -64666.4301
      83.000      -64755.8353
      84.000      -64658.9412
      85.000      -64621.4720
      86.000      -64627.2016
      87.000      -64552.3617
      88.000      -64635.7193
      89.000      -64537.0421
      90.000      -64482.5188
      91.000      -64505.3731
      92.000      -64395.4910
      93.000      -64285.1947
      94.000      -64329.4317
      95.000      -64118.4701
      96.000      -64134.0576
      97.000      -63974.8425
      98.000      -63966.3496
      99.000      -63878.7454
     100.000      -63852.8520
     101.000      -63815.6924
     102.000      -63745.3216
     103.000      -63763.3799
     104.000      -63778.0878
     105.000      -63595.8182
     106.000      -63606.6905
     107.000      -63536.0197
     108.000      -63343.3359
     109.000      -63447.9317
     110.000      -63287.6480
     111.000      -63017.8785
     112.000      -63187.4550
     113.000      -63062.0141
     114.000      -63050.1013
     115.000      -62816.2709
     116.000      -62790.2336
     117.000      -62648.9604
     118.000      -62612.7663
     119.000      -62330.6406
     120.000      -62334.8803
     121.000      -62378.2606
     122.000      -62127.8657
     123.000      -61908.0121
     124.000      -61926.9664
     125.000      -61798.2271
     126.000      -61739.2137
     127.000      -61609.9764
     128.000      -61402.7737
     129.000      -61438.6891
     130.000      -61416.4233
     131.000      -61144.2517
     132.000      -61028.6839
     133.000      -60896.7020
     134.000      -60735.1626
     135.000      -60608.7455
     136.000      -60491.1644
     137.000      -60476.9489
     138.000      -60271.2250
     139.000      -60209.7151
     140.000      -60127.4653
     141.000      -59984.2354
     142.000      -60043.8139
     143.000      -59850.8845
     144.000      -59664.4938
     145.000      -59639.9421
     146.000      -59690.4294
     147.000      -59766.8031
     148.000      -59720.2180
     149.000      -59416.7466
     150.000      -59532.9636
     151.000      -59431.7509
     152.000      -59570.0108
     153.000      -59447.1597
     154.000      -59503.9444
     155.000      -59736.9048
     156.000      -59765.0957
     157.000      -59687.4000
     158.000      -59528.7315
     159.000      -59715.6997
     160.000      -59509.6130
     161.000      -59700.6613
     162.000      -59681.7383
     163.000      -59869.9819
     164.000      -59905.3047
     165.000      -59696.3054
     166.000      -59543.9644
     167.000      -59544.2258
     168.000      -59721.9666
     169.000      -59527.6068
     170.000      -59787.6540
     171.000      -59820.6668
     172.000      -59661.8995
     173.000      -59740.0554
     174.000      -59578.5699
     175.000      -59824.7170
     176.000      -59831.1428
     177.000      -59672.4057
     178.000      -59472.4069
     179.000      -59763.9727
     180.000      -59666.3607
     181.000      -59579.6311
     182.000      -59563.5242
     183.000      -59676.2332
     184.000      -59947.4659
     185.000      -59748.7083
     186.000      -59658.0387
     187.000      -59580.8222
     188.000      -59638.1254
     189.000      -59608.4917
     190.000      -59782.9429
     191.000      -59688.9839
     192.000      -59670.3559
     193.000      -59582.9131
     194.000      -59580.9786
     195.000      -59856.2566
     196.000      -59683.5377
     197.000      -59488.5963
     198.000      -59575.7869
     199.000      -59665.4964
     200.000      -59697.7347
     201.000      -59439.9242
     202.000      -59596.9073
     203.000      -59644.9920
     204.000      -59878.4524
     205.000      -59534.2678
     206.000      -59639.4493
     207.000      -59591.1747
     208.000      -59522.4888
     209.000      -59622.2690
     210.000      -59623.1921
     211.000      -59667.4751
     212.000      -59846.0391
     213.000      -59648.2082
     214.000      -59784.6583
     215.000      -59603.3809
     216.000      -59731.3962
     217.000      -59700.4339
     218.000      -60060.0827
     219.000      -59921.5972
     220.000      -59814.1241
     221.000      -59910.5556
     222.000      -59874.0607
     223.000      -59757.6950
     224.000      -59552.6434
     225.000      -59827.3147
     226.000      -59765.0820
     227.000      -59753.5894
     228.000      -59743.9805
     229.000      -59863.6420
     230.000      -60014.0324
     231.000      -59970.2711
     232.000      -59928.6377
     233.000      -59971.6868
     234.000      -59861.0793
     235.000      -59904.5210
     236.000      -59857.6613
     237.000      -59873.5634
     238.000      -59899.9054
     239.000      -59797.4575
     240.000      -59853.5404
     241.000      -59950.0542
     242.000      -60006.2849
     243.000      -59987.9279
     244.000      -59885.3625
     245.000      -59899.7301
     246.000      -59865.9207
     247.000      -60031.6406
     248.000      -59866.4146
     249.000      -59863.4127
     250.000      -60066.1513
     251.000      -60024.9049
     252.000      -59970.0347
     253.000      -60073.1461
     254.000      -60050.9520
     255.000      -60149.6172
     256.000      -60049.6400
     257.000      -60057.4101
     258.000      -60010.8197
     259.000      -60112.4640
     260.000      -59949.6691
     261.000      -60009.3199
     262.000      -60130.3117
     263.000      -60020.4239
     264.000      -60080.0774
     265.000      -59881.6730
     266.000      -59859.6929
     267.000      -59877.0246
     268.000      -59859.8815
     269.000      -59980.9154
     270.000      -59979.3098
     271.000      -59903.1356
     272.000      -59847.8013
     273.000      -60004.1464
     274.000      -60116.3170
     275.000      -60086.8416
     276.000      -60104.2244
     277.000      -60201.0338
     278.000      -60195.9805
     279.000      -60005.0804
     280.000      -60177.7484
     281.000      -60081.0231
     282.000      -60270.6097
     283.000      -60098.6604
     284.000      -60256.1792
     285.000      -60062.5178
     286.000      -60265.0940
     287.000      -60210.8877
     288.000      -60247.8987
     289.000      -60141.2345
     290.000      -59963.4079
     291.000      -60239.8157
     292.000      -60169.5407
     293.000      -60201.3626
     294.000      -60272.2090
     295.000      -60096.6927
     296.000      -60311.3676
     297.000      -60126.2976
     298.000      -60125.3750
     299.000      -60300.4862
     300.000      -60214.8201
     301.000      -60173.9152
     302.000      -60120.6307
     303.000      -60145.1973
     304.000      -60252.8938
     305.000      -60173.7458
     306.000      -60229.0872
     307.000      -60401.9394
     308.000      -60331.6983
     309.000      -60168.0103
     310.000      -60218.4019
     311.000      -60133.3114
     312.000      -60200.1888
     313.000      -60321.8374
     314.000      -60343.9928
     315.000      -60251.4755
     316.000      -60258.3056
     317.000      -60189.9877
     318.000      -60138.5106
     319.000      -60176.3867
     320.000      -60410.3086
     321.000      -60266.3829
     322.000      -60225.4874
     323.000      -60272.4469
     324.000      -60232.1456
     325.000      -60322.2021
     326.000      -60196.7204
     327.000      -60174.8348
     328.000      -60194.3358
     329.000      -60287.7386
     330.000      -60223.1543
     331.000      -60157.0861
     332.000      -60211.1184
     333.000      -60181.3084
     334.000      -60320.9725
     335.000      -60217.7643
     336.000      -60289.7638
     337.000      -60239.1306
     338.000      -60162.1709
     339.000      -60267.5039
     340.000      -60135.3195
     341.000      -60176.4929
     342.000      -60313.8076
     343.000      -60160.5694
     344.000      -60284.8065
     345.000      -60223.1491
     346.000      -60029.4196
     347.000      -59990.1782
     348.000      -60108.9701
     349.000      -60076.3720
     350.000      -60338.6426
     351.000      -60206.9946
     352.000      -60270.9763
     353.000      -60329.5493
     354.000      -60394.0154
     355.000      -60264.0472
     356.000      -60107.4566
     357.000      -60054.5119
     358.000      -60188.1359
     359.000      -60230.6208
     360.000      -60170.8255
     361.000      -60559.0751
     362.000      -60228.1229
     363.000      -60069.2291
     364.000      -60231.7949
     365.000      -60218.6504
     366.000      -60360.5445
     367.000      -60135.6620
     368.000      -60349.2422
     369.000      -60369.3530
     370.000      -60176.7291
     371.000      -60283.1079
     372.000      -60411.9679
     373.000      -60191.8121
     374.000      -60356.2580
     375.000      -60448.9874
     376.000      -60354.4188
     377.000      -60405.6352
     378.000      -60376.6604
     379.000      -60384.7278
     380.000      -60242.0114
     381.000      -60354.3641
     382.000      -60362.8643
     383.000      -60550.4080
     384.000      -60314.1822
     385.000      -60255.2572
     386.000      -60078.4818
     387.000      -60277.0161
     388.000      -60306.6050
     389.000      -60257.4609
     390.000      -60229.1125
     391.000      -60309.6316
     392.000      -60374.0488
     393.000      -60284.7382
     394.000      -60547.9048
     395.000      -60206.7490
     396.000      -60093.6891
     397.000      -60301.7830
     398.000      -60359.6412
     399.000      -60321.3369
     400.000      -60309.3337
