       0.000      -97598.3867
       1.000      -69758.4398
       2.000      -69759.2409
       3.000      -69545.7860
       4.000      -69321.6550
       5.000      -69051.4591
       6.000      -68785.6894
       7.000      -68528.7228
       8.000      -68254.0324
       9.000      -68035.4407
      10.000      -67770.2057
      11.000      -67445.6171
      12.000      -67196.3034
      13.000      -66926.0185
      14.000      -66657.5346
      15.000      -66393.7112
      16.000      -66132.1456
      17.000      -65846.0959
      18.000      -65424.4640
      19.000      -65185.2791
      20.000      -64901.0228
      21.000      -64800.2679
      22.000      -64606.3006
      23.000      -64517.4831
      24.000      -64331.9451
      25.000      -64245.8777
      26.000      -64059.9949
      27.000      -63948.2812
      28.000      -63804.3979
      29.000      -63692.5852
      30.000      -63599.9021
      31.000      -63378.1777
      32.000      -63244.8226
      33.000      -63183.0767
      34.000      -63027.9612
      35.000      -62833.6844
      36.000      -62705.5615
      37.000      -62563.7804
      38.000      -62323.9780
      39.000      -62129.5928
      40.000      -62036.1399
      41.000      -61914.5696
      42.000      -61834.6883
      43.000      -61543.0719
      44.000      -61485.7291
      45.000      -61310.7271
      46.000      -61310.2171
      47.000      -60945.1821
      48.000      -60844.2060
      49.000      -60793.6268
      50.000      -60518.0321
      51.000      -60476.5720
      52.000      -60312.5738
      53.000      -60225.6706
      54.000      -59931.2527
      55.000      -59798.8255
      56.000      -59626.1491
      57.000      -59599.2745
      58.000      -59191.5317
      59.000      -59191.4015
      60.000      -59017.8013
      61.000      -59043.9400
      62.000      -58801.2694
      63.000      -58832.1638
      64.000      -58795.6056
      65.000      -58674.8461
      66.000      -58540.7146
      67.000      -58592.2347
      68.000      -58469.6668
      69.000      -58384.2999
      70.000      -58235.7518
      71.000      -58055.4727
      72.000      -58171.7088
      73.000      -57974.7931
      74.000      -57942.1150
      75.000      -58061.1830
      76.000      -57980.9314
      77.000      -57732.7422
      78.000      -57794.3389
      79.000      -57710.5102
      80.000      -57394.6787
      81.000      -57444.1035
      82.000      -57193.3139
      83.000      -57336.5809
      84.000      -57202.9241
      85.000      -56972.7107
      86.000      -56882.6938
      87.000      -56990.6966
      88.000      -56928.9781
      89.000      -56791.6671
      90.000      -56708.5555
      91.000      -56650.5592
      92.000      -56595.6004
      93.000      -56538.3725
      94.000      -56306.9742
      95.000      -56153.7836
      96.000      -56170.8638
      97.000      -55908.7307
      98.000      -55748.0654
      99.000      -55771.8607
     100.000      -55614.6020
     101.000      -55526.9776
     102.000      -55383.3216
     103.000      -55491.3711
     104.000      -55428.0087
     105.000      -55195.6287
     106.000      -55218.9415
     107.000      -55113.8713
     108.000      -54856.5243
     109.000      -54941.7599
     110.000      -54679.9908
     111.000      -54337.6500
     112.000      -54496.0888
     113.000      -54401.2397
     114.000      -54281.8113
     115.000      -53997.8031
     116.000      -53979.2990
     117.000      -53712.6294
     118.000      -53651.3513
     119.000      -53464.5703
     120.000      -53385.3041
     121.000      -53282.9305
     122.000      -53010.8228
     123.000      -52839.3490
     124.000      -52897.0084
     125.000      -52645.3746
     126.000      -52430.0203
     127.000      -52265.3533
     128.000      -52062.0530
     129.000      -52127.0231
     130.000      -51930.7836
     131.000      -51664.6882
     132.000      -51466.4339
     133.000      -51367.9247
     134.000      -51223.3803
     135.000      -51096.3138
     136.000      -50862.9701
     137.000      -50791.0944
     138.000      -50502.1967
     139.000      -50512.9719
     140.000      -50204.7407
     141.000      -50144.9717
     142.000      -50240.6127
     143.000      -50026.7917
     144.000      -49811.2331
     145.000      -49913.0573
     146.000      -49805.5359
     147.000      -49854.5091
     148.000      -49911.8791
     149.000      -49381.6783
     150.000      -49703.4568
     151.000      -49548.5907
     152.000      -49822.5606
     153.000      -49521.0718
     154.000      -49623.7002
     155.000      -50070.6236
     156.000      -49864.9561
     157.000      -49746.8209
     158.000      -49572.4268
     159.000      -49807.6674
     160.000      -49626.9822
     161.000      -49802.3273
     162.000      -49734.0742
     163.000      -49923.9204
     164.000      -50063.7275
     165.000      -49847.5594
     166.000      -49672.0103
     167.000      -49689.0236
     168.000      -49993.9793
     169.000      -49682.7064
     170.000      -49911.8015
     171.000      -49957.6638
     172.000      -49789.7188
     173.000      -49797.0388
     174.000      -49771.3190
     175.000      -49848.9846
     176.000      -50114.8147
     177.000      -49851.7749
     178.000      -49600.7458
     179.000      -49864.2178
     180.000      -49733.9310
     181.000      -49795.8967
     182.000      -49573.5301
     183.000      -49854.4881
     184.000      -50072.3722
     185.000      -49990.8411
     186.000      -49835.7447
     187.000      -49712.6709
     188.000      -49721.7875
     189.000      -49804.3423
     190.000      -49865.2652
     191.000      -49845.5513
     192.000      -49991.4897
     193.000      -49716.5381
     194.000      -49666.7735
     195.000      -50045.0857
     196.000      -49846.2037
     197.000      -49715.1188
     198.000      -49681.9168
     199.000      -49617.5179
     200.000      -49834.2601
     201.000      -49563.1352
     202.000      -49702.3409
     203.000      -49737.1687
     204.000      -50053.7717
     205.000      -49746.2923
     206.000      -49694.7687
     207.000      -49821.9696
     208.000      -49474.9498
     209.000      -49780.5991
     210.000      -49773.9480
     211.000      -49871.6860
     212.000      -50005.7139
     213.000      -49765.2970
     214.000      -49990.6964
     215.000      -49775.5391
     216.000      -49916.6677
     217.000      -49890.6233
     218.000      -50173.4050
     219.000      -50070.7349
     220.000      -50025.1905
     221.000      -49963.8037
     222.000      -50110.9503
     223.000      -49821.5368
     224.000      -49714.7410
     225.000      -49968.0559
     226.000      -49940.0156
     227.000      -49889.6382
     228.000      -49930.7296
     229.000      -50162.9066
     230.000      -50146.6398
     231.000      -50142.9469
     232.000      -50000.8809
     233.000      -50193.8968
     234.000      -50053.1575
     235.000      -49892.6616
     236.000      -50127.2297
     237.000      -50073.9081
     238.000      -49990.5753
     239.000      -49920.6118
     240.000      -50126.4105
     241.000      -50074.2788
     242.000      -50135.9606
     243.000      -50176.6965
     244.000      -50065.5168
     245.000      -50105.5026
     246.000      -50074.9344
     247.000      -50293.0468
     248.000      -50046.9518
     249.000      -49878.8570
     250.000      -50122.7919
     251.000      -50055.8913
     252.000      -50124.4459
     253.000      -50234.1754
     254.000      -50215.7430
     255.000      -50256.0537
     256.000      -50190.3783
     257.000      -50262.6621
     258.000      -50215.7074
     259.000      -50311.1359
     260.000      -50114.8342
     261.000      -50196.0962
     262.000      -50302.9816
     263.000      -50216.5118
     264.000      -50346.5979
     265.000      -50100.9728
     266.000      -49977.0601
     267.000      -50003.0343
     268.000      -49975.0660
     269.000      -50129.0248
     270.000      -50206.7346
     271.000      -50097.2166
     272.000      -50004.3179
     273.000      -50129.7802
     274.000      -50229.1706
     275.000      -50187.6902
     276.000      -50346.6824
     277.000      -50334.9293
     278.000      -50358.6915
     279.000      -50168.3011
     280.000      -50246.2924
     281.000      -50263.5817
     282.000      -50335.7347
     283.000      -50195.2424
     284.000      -50299.7915
     285.000      -50159.4934
     286.000      -50483.8606
     287.000      -50439.5957
     288.000      -50286.7385
     289.000      -50273.8077
     290.000      -50174.1598
     291.000      -50247.2874
     292.000      -50268.0456
     293.000      -50323.0550
     294.000      -50354.6768
     295.000      -50232.1136
     296.000      -50567.0717
     297.000      -50270.8406
     298.000      -50267.7509
     299.000      -50553.3495
     300.000      -50386.3533
     301.000      -50186.9904
     302.000      -50295.1434
     303.000      -50267.4669
     304.000      -50469.9846
     305.000      -50193.2487
     306.000      -50269.8401
     307.000      -50543.2939
     308.000      -50429.4229
     309.000      -50421.1871
     310.000      -50367.0611
     311.000      -50142.2665
     312.000      -50357.4339
     313.000      -50521.4174
     314.000      -50452.8141
     315.000      -50492.8437
     316.000      -50341.7226
     317.000      -50443.2641
     318.000      -50259.7030
     319.000      -50304.6865
     320.000      -50592.6035
     321.000      -50382.1818
     322.000      -50277.7989
     323.000      -50407.2624
     324.000      -50484.5479
     325.000      -50367.9111
     326.000      -50383.9323
     327.000      -50317.1267
     328.000      -50446.7068
     329.000      -50357.4447
     330.000      -50418.5420
     331.000      -50362.6085
     332.000      -50344.6721
     333.000      -50431.9618
     334.000      -50510.9364
     335.000      -50407.6168
     336.000      -50397.4864
     337.000      -50427.5310
     338.000      -50343.0372
     339.000      -50495.5781
     340.000      -50195.5451
     341.000      -50296.7546
     342.000      -50473.8603
     343.000      -50245.5205
     344.000      -50428.9861
     345.000      -50460.3640
     346.000      -50133.4381
     347.000      -50037.0005
     348.000      -50233.0863
     349.000      -50235.7509
     350.000      -50543.6309
     351.000      -50250.7036
     352.000      -50462.9577
     353.000      -50461.9565
     354.000      -50597.3865
     355.000      -50416.8431
     356.000      -50169.8462
     357.000      -50218.2112
     358.000      -50301.3693
     359.000      -50409.6882
     360.000      -50312.7074
     361.000      -50727.7235
     362.000      -50302.1209
     363.000      -50169.0475
     364.000      -50368.0312
     365.000      -50474.2061
     366.000      -50461.6802
     367.000      -50287.6659
     368.000      -50593.2764
     369.000      -50523.7730
     370.000      -50403.3189
     371.000      -50322.5874
     372.000      -50569.6192
     373.000      -50480.7740
     374.000      -50395.8127
     375.000      -50633.1398
     376.000      -50625.5213
     377.000      -50735.2963
     378.000      -50553.5403
     379.000      -50536.5100
     380.000      -50301.7956
     381.000      -50576.5331
     382.000      -50476.0508
     383.000      -50712.4178
     384.000      -50397.6881
     385.000      -50391.3236
     386.000      -50220.5541
     387.000      -50357.5591
     388.000      -50421.5093
     389.000      -50376.4824
     390.000      -50441.2853
     391.000      -50470.4470
     392.000      -50650.5234
     393.000      -50459.4023
     394.000      -50608.2026
     395.000      -50204.7383
     396.000      -50435.2096
     397.000      -50491.2859
     398.000      -50504.3287
     399.000      -50543.3115
     400.000      -50423.0729
