       0.000       0.00
       1.000       5.18
       2.000       9.78
       3.000      14.77
       4.000      19.53
       5.000      24.28
       6.000      29.73
       7.000      34.64
       8.000      39.94
       9.000      44.52
      10.000      49.20
      11.000      54.38
      12.000      60.13
      13.000      65.40
      14.000      69.82
      15.000      74.25
      16.000      79.42
      17.000      83.39
      18.000      90.42
      19.000      94.45
      20.000      98.80
      21.000     101.31
      22.000     106.43
      23.000     107.86
      24.000     108.99
      25.000     112.50
      26.000     115.12
      27.000     117.68
      28.000     119.06
      29.000     121.62
      30.000     123.78
      31.000     127.25
      32.000     128.87
      33.000     132.31
      34.000     134.88
      35.000     137.24
      36.000     139.26
      37.000     140.83
      38.000     145.05
      39.000     148.15
      40.000     150.43
      41.000     152.96
      42.000     154.27
      43.000     157.29
      44.000     160.47
      45.000     164.98
      46.000     162.92
      47.000     169.87
      48.000     169.55
      49.000     171.60
      50.000     176.16
      51.000     177.53
      52.000     178.98
      53.000     180.70
      54.000     185.01
      55.000     187.07
      56.000     188.96
      57.000     192.03
      58.000     196.94
      59.000     197.69
      60.000     199.68
      61.000     196.67
      62.000     203.60
      63.000     203.14
      64.000     204.78
      65.000     204.52
      66.000     209.19
      67.000     206.07
      68.000     208.28
      69.000     210.18
      70.000     213.81
      71.000     218.58
      72.000     214.57
      73.000     219.74
      74.000     219.05
      75.000     217.85
      76.000     217.37
      77.000     220.43
      78.000     219.63
      79.000     220.36
      80.000     227.15
      81.000     226.41
      82.000     227.65
      83.000     226.01
      84.000     227.13
      85.000     233.00
      86.000     235.92
      87.000     230.35
      88.000     234.77
      89.000     235.94
      90.000     236.81
      91.000     239.28
      92.000     237.60
      93.000     235.99
      94.000     244.38
      95.000     242.62
      96.000     242.58
      97.000     245.71
      98.000     250.35
      99.000     246.95
     100.000     250.96
     101.000     252.49
     102.000     254.73
     103.000     251.98
     104.000     254.36
     105.000     255.89
     106.000     255.51
     107.000     256.56
     108.000     258.53
     109.000     259.12
     110.000     262.21
     111.000     264.42
     112.000     264.76
     113.000     263.83
     114.000     267.10
     115.000     268.63
     116.000     268.40
     117.000     272.22
     118.000     272.99
     119.000     270.08
     120.000     272.63
     121.000     277.07
     122.000     277.73
     123.000     276.25
     124.000     275.07
     125.000     278.82
     126.000     283.58
     127.000     284.66
     128.000     284.54
     129.000     283.66
     130.000     288.95
     131.000     288.77
     132.000     291.29
     133.000     290.27
     134.000     289.75
     135.000     289.77
     136.000     293.30
     137.000     295.05
     138.000     297.59
     139.000     295.39
     140.000     302.27
     141.000     299.73
     142.000     298.63
     143.000     299.26
     144.000     300.15
     145.000     296.30
     146.000     301.12
     147.000     301.95
     148.000     298.79
     149.000     305.69
     150.000     299.43
     151.000     301.06
     152.000     296.93
     153.000     302.37
     154.000     300.98
     155.000     294.46
     156.000     301.58
     157.000     302.81
     158.000     303.29
     159.000     301.82
     160.000     301.05
     161.000     301.53
     162.000     303.03
     163.000     302.98
     164.000     299.80
     165.000     300.02
     166.000     300.72
     167.000     300.21
     168.000     296.34
     169.000     299.90
     170.000     300.84
     171.000     300.45
     172.000     300.73
     173.000     302.89
     174.000     298.75
     175.000     303.88
     176.000     295.98
     177.000     299.16
     178.000     300.71
     179.000     301.57
     180.000     302.57
     181.000     298.04
     182.000     304.32
     183.000     299.19
     184.000     300.82
     185.000     297.25
     186.000     299.21
     187.000     300.61
     188.000     302.07
     189.000     298.66
     190.000     302.12
     191.000     299.85
     192.000     294.84
     193.000     300.55
     194.000     302.01
     195.000     298.87
     196.000     299.67
     197.000     297.72
     198.000     301.39
     199.000     306.08
     200.000     300.46
     201.000     300.87
     202.000     301.41
     203.000     301.82
     204.000     299.28
     205.000     298.16
     206.000     302.94
     207.000     297.59
     208.000     306.07
     209.000     299.80
     210.000     300.03
     211.000     298.40
     212.000     299.76
     213.000     301.06
     214.000     298.35
     215.000     299.38
     216.000     298.98
     217.000     298.83
     218.000     301.17
     219.000     300.08
     220.000     298.19
     221.000     303.00
     222.000     297.41
     223.000     302.68
     224.000     299.69
     225.000     300.34
     226.000     299.29
     227.000     300.48
     228.000     298.93
     229.000     295.51
     230.000     300.58
     231.000     299.36
     232.000     302.42
     233.000     297.85
     234.000     298.77
     235.000     304.98
     236.000     296.41
     237.000     298.52
     238.000     301.86
     239.000     300.87
     240.000     296.31
     241.000     300.84
     242.000     300.67
     243.000     298.87
     244.000     299.14
     245.000     298.36
     246.000     298.26
     247.000     296.66
     248.000     299.12
     249.000     304.15
     250.000     302.90
     251.000     303.68
     252.000     299.92
     253.000     299.72
     254.000     299.60
     255.000     301.38
     256.000     300.34
     257.000     298.37
     258.000     298.38
     259.000     298.57
     260.000     299.59
     261.000     298.93
     262.000     299.36
     263.000     298.65
     264.000     296.50
     265.000     297.94
     266.000     301.05
     267.000     300.78
     268.000     301.11
     269.000     300.11
     270.000     297.70
     271.000     298.71
     272.000     299.86
     273.000     300.80
     274.000     301.19
     275.000     301.55
     276.000     297.24
     277.000     300.54
     278.000     299.67
     279.000     299.65
     280.000     302.54
     281.000     299.06
     282.000     302.64
     283.000     301.68
     284.000     303.29
     285.000     301.67
     286.000     297.96
     287.000     297.66
     288.000     303.44
     289.000     300.58
     290.000     298.20
     291.000     304.40
     292.000     301.62
     293.000     300.92
     294.000     302.11
     295.000     300.50
     296.000     296.83
     297.000     300.22
     298.000     300.29
     299.000     296.92
     300.000     299.40
     301.000     304.23
     302.000     299.31
     303.000     300.90
     304.000     298.01
     305.000     304.03
     306.000     303.38
     307.000     300.32
     308.000     301.65
     309.000     296.91
     310.000     300.09
     311.000     304.35
     312.000     299.83
     313.000     298.54
     314.000     301.31
     315.000     297.27
     316.000     302.08
     317.000     296.91
     318.000     300.93
     319.000     300.72
     320.000     299.07
     321.000     301.10
     322.000     303.03
     323.000     300.52
     324.000     296.93
     325.000     303.23
     326.000     298.92
     327.000     300.29
     328.000     296.94
     329.000     302.50
     330.000     298.67
     331.000     298.36
     332.000     300.56
     333.000     296.99
     334.000     298.84
     335.000     298.84
     336.000     301.34
     337.000     298.88
     338.000     299.11
     339.000     297.68
     340.000     302.79
     341.000     300.96
     342.000     299.75
     343.000     302.04
     344.000     300.23
     345.000     297.40
     346.000     301.45
     347.000     303.20
     348.000     300.84
     349.000     299.77
     350.000     298.38
     351.000     303.29
     352.000     298.78
     353.000     300.59
     354.000     298.43
     355.000     299.97
     356.000     302.72
     357.000     299.64
     358.000     301.17
     359.000     299.17
     360.000     300.30
     361.000     299.49
     362.000     302.37
     363.000     301.58
     364.000     300.47
     365.000     296.84
     366.000     301.54
     367.000     299.99
     368.000     297.19
     369.000     299.92
     370.000     297.72
     371.000     303.42
     372.000     299.82
     373.000     295.82
     374.000     303.42
     375.000     299.01
     376.000     296.37
     377.000     294.58
     378.000     299.24
     379.000     300.00
     380.000     302.80
     381.000     297.86
     382.000     301.18
     383.000     299.69
     384.000     302.08
     385.000     300.48
     386.000     300.30
     387.000     302.17
     388.000     301.12
     389.000     301.00
     390.000     298.16
     391.000     299.72
     392.000     296.20
     393.000     299.30
     394.000     302.79
     395.000     304.68
     396.000     294.22
     397.000     298.85
     398.000     300.22
     399.000     297.86
     400.000     301.16
